602554478992629794
602554478992629795
602554478992629796
602554478992629797
602554478992629799
602554478992629801
602554478992629802
602554478992629803
602554478992629804
602554478992629805
602554478992629838
602554478992629839
602554478992629840
602554478992629841
602554478992629842
602554478992629843
602554478992629844
602554478992629845
602554478992629846
602554478992629847
602554478992629848
602554478992629849
602554478992629850
602554478992629851
602554478992629852
602554478992629853
602554478992629854
602554478992629855
602554478992629871
602554478992629872
602554478992629873
602554478992629874
602554478992629875
602554478992629876
602554478992629877
602554478992629878
602554478992629879
602554478992629880
602554478992629881
602554478992629882
602554478992629883
602554478992629884
602554478992629885
602554478992629886
602554478992629887
602554478992629888
602554478992629889
602554478992629890
602554478992629891
602554478992629892
602554478992629893
602554478992629894
602554478992629895
602554478992629896
602554478992629897
602554478992629898
602554478992629899
602554478992629900
602554478992629901
602554478992629902
602554478992629903
