602553375475441667
602553375475441668
602553375475441669
602553375475441670
602553375475441671
602553375475441672
602553375475441673
602553375475441674
602553375475441675
602553375475441676
602553375475441677
602553375475441678
602553375475441679
602553375475441680
602553375475441681
602553375475441682
602553375475441683
602553375475441684
602553375475441685
602553375475441686
602553375479635968
602553375479635969
602553375479635970
602554478992629778
602554478992629779
602554478992629780
602554478992629781
602554478992629782
602554478992629783
602554478992629784
602554478992629785
602554478992629786
602554478992629787
602554478992629788
602554478992629789
602554478992629790
602554478992629791
602554478992629792
602554478992629793
