602553375479635984
602553375479635985
602553375479635986
602553375479635987
602553375479635988
602553375479635989
602553375479635990
602553375483830272
602553375483830273
602553375483830274
602553375483830275
602553375483830276
602553375483830277
602553375483830278
602553375483830279
602553375483830281
602553375483830282
602553375483830293
602553375483830294
602553375483830295
602553375488024576
602553375488024577
602553375488024578
602553375488024579
602553375488024580
602553375488024581
602553375488024581
602553375488024582
602553375488024582
602553375488024583
602553375488024583
602553375488024583
602553375488024584
602553375488024584
602553375488024584
602553375488024585
602553375488024585
602553375488024585
602553375488024586
602553375488024586
602553375488024586
602553375488024586
602553375488024587
602553375488024587
602553375488024587
602553375488024587
602553375488024588
602553375488024588
602553375488024588
602553375488024588
602553375488024588
602553375488024589
602553375488024589
602553375488024589
602553375488024589
602553375488024589
602553375488024589
602553375488024590
602553375488024590
602553375488024590
602553375488024590
602553375488024591
602553375488024591
602553375488024591
602553375488024591
602553375488024591
602553375488024592
602553375488024592
602553375488024592
602553375488024592
602553375488024592
602553375488024592
602553375488024593
602553375488024593
602553375488024593
602553375488024593
602553375488024593
602553375488024593
602553375488024593
602553375492218882
602553375492218883
602553375492218884
602553375492218885
602553375492218886
602553375492218887
602553375492218888
602553375492218889
602553375492218890
602553375492218891
602553375492218892
602553375492218893
602553375492218894
602553375492218895
602553375492218896
602553375492218897
602553375492218898
602553375492218899
602553375492218900
602553375492218901
602553375492218902
602553375492218903
602553375496413188
602553375496413189
602553375496413190
602553375496413191
602545655873568908
602545655873568909
602545655873568910
602545655873568912
602545655873568913
602545655873568914
602545655873568915
602545655873568916
