618543363881422860
618543363881422861
618543363885617160
618543363902394370
618543363902394371
618543363902394372
618543363902394373
618543363902394375
618543363902394389
618543363935948815
618543363935948817
618543363935948818
618543363935948820
618543363935948821
618543363935948822
618543363940143104
618543363940143105
618543363940143106
618543363940143107
618543363940143110
618543363940143111
618543363940143112
618543363940143113
618543363940143114
618543363940143115
618543363940143117
618543363940143118
618543363940143119
618543364120498185
618543364120498186
618543364120498187
618543364120498188
618543364120498189
618543364120498190
618543364120498191
618543364120498192
618543364120498193
618543364120498194
618543364120498195
618543364120498196
618543364120498197
618543364120498198
618543364120498199
618543364120498202
618543364120498203
618543364120498204
618543364120498205
618543364120498207
618543364120498208
618543364120498209
618543364120498210
618543364120498211
618543364120498212
618543364124692483
618543364120498206
618543364120498207
618543364120498208
618543364120498209
618543364120498210
618543364120498211
618543364120498212
618543364124692515
618543364128886793
618543364128886794
618543364128886796
618543364128886797
618543364128886798
618543364128886799
618543364128886800
618543364128886801
618543364128886802
618543364128886803
618543364128886804
618543364128886805
618543364128886806
618543364128886807
618543364128886808
618543364128886809
618543364128886810
618543364128886811
618543364128886812
618543364128886813
618543364128886814
618543364128886815
618543364128886816
618543364128886817
618543364128886818
618543364128886819
618543364128886820
618543364133081088
618543364133081089
618543364133081090
618543364133081091
618543364133081092
618543364133081112
618543364133081113
618543364133081114
618543364133081115
618543364133081116
618543364133081117
618543364137275399
618543364145664018
618543364145664026
618543364145664037
618543364149858304
618543364149858305
618543364149858306
618543364149858307
618543364149858318
618543364149858319
618543364149858320
618543364149858321
618543364149858325
618543364149858326
618543364149858327
618543364149858328
618543364149858329
618543364149858330
618543364149858331
618543364149858332
618543364149858333
618543364149858334
618543364149858337
618543364149858338
618543364149858339
618543364154052608
618543364154052609
618543364154052617
618543364158246927
618543364162441227
618543364162441231
618543364179218442
618543364179218443
618543364179218444
618543364179218445
618543364179218446
618543364179218447
618543364179218448
618543364179218449
618543364179218450
618543364179218451
618543364179218452
618543364179218453
618543364179218454
618543364179218455
618543364179218456
618543364179218457
618543364179218458
618543364179218459
618543364179218460
618543364179218461
618543364179218462
618543364179218463
618543364179218464
618543364179218466
618543364179218467
618543364179218468
618543364179218469
618543364179218470
618543364179218471
618543364183412736
618543364183412737
618543364183412738
618543364183412739
618543364183412740
618543364183412741
618543364183412742
618543364183412743
618543364183412744
618543364183412745
618543364183412746
618543364183412747
618543364183412748
618543364183412749
618543364183412750
618543364183412751
618543364183412752
618543364183412753
618543364183412754
618543364183412755
618543364183412756
618543364183412757
618543364183412758
618543364183412759
618543364183412760
618543364183412761
618543364183412762
618543364183412763
618543364183412764
618543364183412765
618543364183412766
618543364183412767
618543364267298820
618543364292464648
618543363956920335
618543363956920336
618543363956920337
618543363956920338
618543364313436177
618543364326019108
618543364326019109
618543364326019110
618543364330213380
618543364330213381
618543364330213384
618543364330213385
618543364330213386
618543364330213387
618543364342796320
618543364342796321
618543364342796322
618543364342796324
618543364346990592
618543364346990594
618543364346990600
618543364346990602
618543364346990603
618543364355379240
618543364359573505
618543364359573506
618543364359573507
618543364359573508
618543364359573509
618543364359573510
618543364359573511
618543364359573512
618543364359573513
618543364359573514
618543364359573515
618543364359573516
618543364359573517
618543364359573518
618543364359573519
618543364359573520
618543364359573521
618543364359573522
618543364359573523
618543364359573536
618543364359573537
618543364367962119
618543364367962120
618543364367962121
618543364367962122
618543364367962123
618543364367962124
618543364367962125
618543364367962126
618543364367962127
618543364367962128
618543364367962129
618543364397322275
618543364405710864
618543364409905178
618543364409905179
618543364409905180
618543364409905184
618543364414099492
618543364418293764
618543364422488098
618543364422488099
618543364422488100
618543364422488101
618543364422488102
618543364422488103
618543364422488104
618543364426682368
618543364435070993
618543364435070996
618543364435071000
618543364435071002
618543364435071004
618543364435071005
618543364439265284
618543364439265295
618543364439265298
618543364439265303
618543364443459609
618543364443459610
618543364443459618
618543364443459619
618543364443459620
618543364443459621
618543364443459622
618543364443459624
618543364447653888
618543364447653889
618543364447653890
618543364447653891
618543364447653892
618543364447653893
618543364447653895
618543364447653896
618543363973697551
618543363977891840
618543363998863376
618543364007251984
618543364007251986
618543364007251987
618543364007251988
618543364007251989
618543364019834900
618543364019834909
618543364040806400
618543364040806404
618543364040806419
618543364040806420
618543364040806423
618543364040806424
618543364040806425
618543364040806426
618543364040806427
618543364040806428
618543364040806429
618543364040806430
618543364040806431
618543364040806432
618543364040806437
618543364040806438
618543364045000705
618543364045000706
618543364045000707
618543364045000708
618543364045000711
618543364045000712
618543364053389321
618543364053389322
618543364053389323
618543364053389324
618543364053389325
618543364053389326
618543364053389327
618543364053389328
618543364057583627
618543364057583628
618543364057583636
618543364057583637
618543364057583649
618543364057583650
618543364057583651
618543364057583652
618543364061777935
618543364061777936
618543364061777938
618543364061777947
618543364061777948
618543364061777949
618543364061777950
618543364061777951
618543364061777952
618543364061777953
618543364061777954
618543364061777955
618543364061777956
618543364061777957
618543364061777958
618543364065972224
618543364065972237
618543364065972238
618543364065972239
618543364065972240
618543364065972241
618543364065972242
618543364065972248
618543364065972251
618543364065972252
618543364065972253
618543364065972254
618543364065972255
618543364065972257
618543364074360849
618543364074360853
618543364074360854
618543364074360855
618543364074360856
618543364074360857
618543364074360858
618543364074360859
618543364074360860
618543364074360861
618543364074360862
618543364074360863
618543364074360864
618543364074360865
618543364074360866
618543364074360867
618543364074360868
618543364074360869
618543364074360870
618543364078555136
618543364078555137
618543364078555142
618543364078555143
618543364078555144
618543364078555145
618543364078555146
618543364078555147
618543364078555148
618543364078555149
618543364078555150
618543364078555151
618543364078555152
618543364078555153
618543364078555154
618543364078555155
618543364078555156
618543364078555157
618543364078555158
618543364078555159
618543364078555160
618543364078555161
618543364078555162
618543364078555163
618543364078555164
618543364078555166
618543364078555168
618543364078555170
618543364078555172
618543364078555173
618543364078555174
618543364082749454
618543364082749455
618543364082749464
618543364082749465
618543364082749466
618543364082749467
618543364082749468
618543364082749469
618543364082749470
618543364086943756
618543364086943760
618543364086943761
618543363885617160
618543364103720968
618543364103720969
618543364103720970
618543364103720971
618543364103720973
618543364103720974
618543364103720976
618543364103720977
618543364103720978
618543364103720979
618543364103720980
618543364103720982
618543364103720983
618543364103720984
618543364221161488
618543364326019089
618543364326019089
618543363973697541
618543364053389341
618543364128886816
618543364158246927
618543364267298820
618543364363767832
618543364363767834
618543364363767835
618543364363767836
618543364363767837
618543364363767838
618543364405710864
