602551576555233332
602551576555233333
602551576555233334
602551576555233335
602551576555233336
602551576555233337
602551576555233338
602551576555233339
602551576555233340
602551576555233341
602551576555233342
602551576555233343
602551576555233344
602551576555233345
602551576555233346
602551576555233347
602545655869374685
602553375475441667
602553375475441668
602553375475441669
602553375475441670
602553375475441671
602553375475441672
602553375475441673
602553375475441674
602553375475441675
602553375475441676
602553375475441677
602553375475441678
602553375475441679
602553375475441680
602553375475441681
602553375475441682
602553375475441683
602553375475441684
602553375475441685
602553375475441686
602553375479635968
602553375479635969
602553375479635970
602554478992629778
602554478992629779
602554478992629780
602554478992629781
602554478992629782
602554478992629783
602554478992629784
602554478992629785
602554478992629786
602554478992629787
602554478992629788
602554478992629789
602554478992629790
602554478992629791
602554478992629792
602554478992629793
602554478992629794
602554478992629795
602554478992629796
602554478992629797
602554478992629799
602554478992629801
602554478992629802
602554478992629803
602554478992629804
602554478992629805
602554478992629838
602554478992629839
602554478992629840
602554478992629841
602554478992629842
602554478992629843
602554478992629844
602554478992629845
602554478992629846
602554478992629847
602554478992629848
602554478992629849
602554478992629850
602554478992629851
602554478992629852
602554478992629853
602554478992629854
602554478992629855
602554478992629871
602554478992629872
602554478992629873
602554478992629874
602554478992629875
602554478992629876
602554478992629877
602554478992629878
602554478992629879
602554478992629880
602554478992629881
602554478992629882
602554478992629883
602554478992629884
602554478992629885
602554478992629886
602554478992629887
602554478992629888
602554478992629889
602554478992629890
602554478992629891
602554478992629892
602554478992629893
602554478992629894
602554478992629895
602554478992629896
602554478992629897
602554478992629898
602554478992629899
602554478992629900
602554478992629901
602554478992629902
602554478992629903
602545655873568802
602545655873568859
602553375479635984
602553375479635985
602553375479635986
602553375479635987
602553375479635988
602553375479635989
602553375479635990
602553375483830272
602553375483830273
602553375483830274
602553375483830275
602553375483830276
602553375483830277
602553375483830278
602553375483830279
602553375483830281
602553375483830282
602553375483830293
602553375483830294
602553375483830295
602553375488024576
602553375488024577
602553375488024578
602553375488024579
602553375488024580
602553375488024581
602553375488024581
602553375488024582
602553375488024582
602553375488024583
602553375488024583
602553375488024583
602553375488024584
602553375488024584
602553375488024584
602553375488024585
602553375488024585
602553375488024585
602553375488024586
602553375488024586
602553375488024586
602553375488024586
602553375488024587
602553375488024587
602553375488024587
602553375488024587
602553375488024588
602553375488024588
602553375488024588
602553375488024588
602553375488024588
602553375488024589
602553375488024589
602553375488024589
602553375488024589
602553375488024589
602553375488024589
602553375488024590
602553375488024590
602553375488024590
602553375488024590
602553375488024591
602553375488024591
602553375488024591
602553375488024591
602553375488024591
602553375488024592
602553375488024592
602553375488024592
602553375488024592
602553375488024592
602553375488024592
602553375488024593
602553375488024593
602553375488024593
602553375488024593
602553375488024593
602553375488024593
602553375488024593
602553375492218882
602553375492218883
602553375492218884
602553375492218885
602553375492218886
602553375492218887
602553375492218888
602553375492218889
602553375492218890
602553375492218891
602553375492218892
602553375492218893
602553375492218894
602553375492218895
602553375492218896
602553375492218897
602553375492218898
602553375492218899
602553375492218900
602553375492218901
602553375492218902
602553375492218903
602553375496413188
602553375496413189
602553375496413190
602553375496413191
602545655873568908
602545655873568909
602545655873568910
602545655873568912
602545655873568913
602545655873568914
602545655873568915
602545655873568916
602549692654231741
602551576555233352
