609526786922328064
609526786922328065
609526786922328066
609526786922328068
609526786922328073
609526786922328074
609526786926522479
609526786926522480
609526786926522481
609526786926522482
609526786926522483
609526786926522485
609526786926522486
609526786926522487
609526786926522488
609526786926522489
609526786926522490
609526786926522491
609526786926522492
609526786926522493
609526786926522494
609526786926522495
609526786926522496
609526786926522497
609526786926522498
609526786926522499
609526786926522500
609526786926522547
609530114204012642
609530114204012643
609534538737680450
609534538737680451
609534538737680452
609534538737680454
609544332286525490
609544332290719766
609544332290719767
609544332290719768
609544332290719769
609544332290719770
609544332290719771
609544332290719772
609544332290719773
609544332290719774
609544332290719775
609544332290719776
609544332290719777
609544332290719778
609544332290719779
609544332290719780
609544332290719781
609544332290719782
609544332290719783
609544332290719784
609544332290719785
609544332290719786
609544332290719861
609544332290719863
609546377207689433
609546377207689434
609546377207689439
609546377207689440
609546377207689442
609546377207689443
609546377207689444
609546377207689446
609546377207689447
609546377207689451
609546377207689452
609546377207689453
609546377207689463
609553228216012843
609553228216012844
609553228216012845
609553228216012846
609553228216012847
609553228216012848
609553228216012849
609553228216012850
609553228216012851
609553228216012852
609553228216012853
609553228216012854
609553228216012855
609553228216012856
609553228216012857
609553228216012858
609553228216012859
609553228216012860
609553228216012861
609553228216012862
609553228216012863
609553228216012864
609553228216012865
609553228216012866
609553228216012867
609553228216012868
609553228216012869
609553228216012870
609553228216012871
609553228216012872
609553228216012873
609553228216012874
609553228216012875
609526786926522726
609526786926522727
609526786926522728
609526786926522729
609560423042593217
609560423042593218
609560423042593227
609560423042593229
609560423042593231
609560423042593232
609560423042593233
609560423042593234
609560423042593235
609560423042593244
609560423042593245
609560423042593246
609560423042593247
609564170556747846
609722782868516889
609722782868516890
609722782868516891
609722782868516892
609722782868516893
609722782868516959
609722782868517054
609722782868517055
609722782868517056
609722782868517057
609722782868517058
609722782868517059
609722782868517060
609722782868517061
609722782868517062
609722782868517063
609722782868517064
609722782868517065
609722782868517066
609722782868517067
609722782868517068
609722782868517069
609722782868517070
609722782868517071
609722782868517072
609722782868517073
609722782868517074
609722782868517075
609722782868517076
609722782868517077
609722782868517078
609722782868517079
609722782868517080
609722782868517081
609722782868517082
609722782868517083
609722782868517084
609722782868517085
609722782868517099
609722782868517118
609722782868517138
609722782868517147
609722782868517171
609722782868517182
609722782868517183
609722782868517184
609722782868517185
609722782868517193
609722782868517247
609722782868517256
609722782868517257
609722782868517274
609722782868517275
609722782868517276
609722782868517277
609722782868517282
609722782868517285
609722782868517286
609722782868517287
609722782868517288
609722782868517289
609722782868517290
609722782868517291
609722782868517293
609722782868517294
609722782868517295
609722782868517296
609722782868517297
609722782868517298
609722782868517299
609722782868517300
609722782868517301
609722782868517302
609722782868517303
609722782868517304
609722782868517305
609722782868517306
609722782868517316
609722782868517317
609722782868517324
609722782868517338
609722782868517339
609722782868517340
609722782868517341
609722782868517342
609722782868517343
609722782868517344
609722782868517345
609722782868517346
609722782868517347
609722782868517348
609722782868517349
609722782868517350
609722782868517351
609722782868517352
609722782868517353
609722782868517354
609722782868517355
609722782868517356
609722782868517357
609722782868517358
609722782868517359
609722782868517360
609722782868517361
609722782868517362
609722782868517363
609722782868517364
609722782868517365
609722782868517366
609722782868517367
609722782868517368
609722782868517369
609722782868517370
609722782868517371
609722782868517372
609722782868517373
609722782868517374
609722782868517375
609722782868517376
609722782868517390
609722782868517391
609722782868517392
609722782868517393
609722782868517394
609722782868517395
609722782868517396
609722782868517397
609722782868517401
609722782868517402
609722782868517528
609722782868517529
609722782868517534
609722782868517535
609722782868517536
609722782868517537
609722782868517538
609722782868517550
609722782868517551
609722782868517555
609722782868517570
609722782868517578
609722782868517579
609722782868517580
609722782868517581
609722782868517582
609722782868517610
609722782868517611
609722782868517612
609722782868517613
609722782868517614
609722782868517615
609722782868517616
609722782868517617
609722782868517618
609722782868517619
609722782868517620
609722782868517621
609722782868517622
609722782868517623
609722782868517624
609722782868517625
609722782868517626
609722782868517627
609722782868517628
609722782868517629
609722782868517630
609722782868517631
609726828115341312
609726828115341313
609726828115341733
609526786930716875
609526786930716876
609526786930716877
609526786930716878
609526786930716879
609526786930716880
609526786930716881
609530114195624017
609530114195624018
609530114195624019
609530114195624020
609530114195624021
609530114195624022
609530114195624023
609530114195624024
609530114195624025
609530114195624026
609530114195624027
609530114195624028
609530114195624029
609530114195624030
609530114195624031
609530114199818366
