615110952106037257
615110952106037258
615110952114425860
615110952118620171
615110952122814478
615110952122814479
613177573305589781
613177573305589782
613177573305589803
613177573305589804
613177573305589805
613177573305589808
613177573309784070
613177573313978389
613177573313978420
613177573313978438
613177573318172711
613177573318172716
613177573318172733
613177573330755647
613177573334949931
613177573334949932
613177573334949945
613177573334949946
613177573334949947
613177573334949948
613177573334949949
613177573343338508
613177573351727118
613177573351727134
613177573351727135
613177573351727138
613177573355921411
613177573355921412
613177573355921413
613177573355921414
613177573355921415
613177573355921416
613177573355921417
613177573355921418
613177573355921419
613177573355921420
613177573355921421
613177573355921422
613177573355921423
613177573355921424
613177573355921426
613177573355921427
613177573355921428
613177573355921429
613177573355921430
613177573355921432
613177573355921433
613177573355921434
613177573355921435
613177573355921436
613177573355921437
613177573355921438
613177573355921439
613177573355921440
613177573355921441
613177573372698642
613177573372698643
613177573372698644
613177573372698645
613177573372698646
613177573372698647
613177573372698648
613177573372698653
613177573372698654
613177573372698655
613177573372698656
613177573372698670
613177573372698671
613177573372698672
613177573372698673
613177573372698674
613177573372698675
613177573372698676
613177573372698677
613177573372698678
613177573372698679
613177573376892940
613177573376892941
613177573376892944
613177573376892945
613177573376892946
613177573376892947
613177573376892948
613177573376892949
613177573376892950
613177573376892951
613177573376892952
613177573376892953
613177573376892954
613177573376892955
613177573376892956
613177573376892957
613177573376892958
613177573376892959
613177573376892960
613177573376892961
613177573376892969
613177573376892970
613177573376892971
613177573376892981
613177573376892982
613177573376892983
613177573376892984
613177573376892985
613177573376892986
613177573376892987
613177573381087232
613177573381087233
615110952340918298
615110952340918299
615110952340918301
615110952340918307
615110952345112638
615110952353501246
615110952361889815
615110952361889817
615110952361889818
615110952361889820
615110952361889822
615110952366084143
615110952366084144
615110952127008789
615110952127008792
615110952127008795
615110952127008796
615110952391249950
615110952408027158
615110952408027166
615110952408027167
615110952408027168
615110952408027170
615110952408027171
615110952408027172
615110952408027173
615110952408027174
615110952408027180
615110952408027185
615110952408027186
615110952408027187
615110952408027189
615110952408027190
615110952408027192
615110952408027193
615110952408027197
615110952408027198
615110952408027199
615110952412221450
615110952412221458
615110952412221459
615110952412221460
615110952412221463
615110952412221497
615110952412221498
615110952412221499
615110952412221500
615110952412221501
615110952412221502
615110952412221503
615110952412221504
615110952412221505
615110952412221506
615110952412221507
615110952412221508
615110952412221509
615110952412221510
615110952416415744
615110952416415745
615110952416415757
615110952416415758
615110952416415759
615110952416415760
615110952416415761
615110952416415762
615110952416415800
615110952416415802
615110952416415807
615110952416415809
615110952416415812
615110952416415813
615110952416415814
615110952416415815
615110952416415816
615110952420610048
615110952420610073
615110952420610076
615110952420610077
615110952420610078
615110952420610079
615110952420610080
615110952420610084
615110952420610086
615110952420610088
615110952420610090
615110952420610095
615110952420610096
615110952420610097
615110952420610100
615110952420610106
615110952420610107
615110952420610108
615110952420610112
615110952424804353
615110952424804354
615110952424804355
615110952424804356
615110952424804357
615110952424804368
615110952424804369
615110952424804380
615110952424804392
615110952424804395
615110952424804396
615110952424804398
615110952424804403
615110952424804407
615110952424804408
615110952424804410
615110952424804411
615110952424804416
615110952424804419
615110952428998656
615110952428998657
615110952428998658
615110952428998659
615110952428998660
615110952428998661
615110952428998664
615110952428998680
615110952428998682
615110952428998684
615110952428998691
615110952428998692
615110952428998693
615110952428998697
615110952428998698
615110952428998700
615110952428998702
615110952428998707
615110952428998708
615110952428998712
615110952428998714
615110952428998722
615110952433192963
615110952433192969
615110952433192972
615110952433192974
615110952433192985
615110952433192987
615110952433192988
615110952433192990
615110952433192993
615110952433192994
615110952433192995
615110952433192997
615110952433192998
615110952433192999
615110952433193000
615110952433193002
615110952433193003
615110952433193004
615110952433193006
615110952433193007
615110952433193009
615110952433193010
615110952433193011
615110952433193012
615110952433193013
615110952433193014
615110952433193015
615110952433193016
615110952433193017
615110952433193018
615110952433193020
615110952433193021
615110952433193022
615110952433193023
615110952433193024
615110952433193025
615110952433193026
615110952433193027
615110952433193028
615110952433193029
615110952433193031
615110952437387264
615110952437387265
615110952437387269
615110952437387270
615110952437387271
615110952437387272
615110952437387273
615110952437387274
615110952437387276
615110952437387277
615110952437387278
615110952437387279
615110952437387280
615110952437387281
615110952437387282
615110952437387290
615110952437387292
615110952437387296
615110952437387306
615110952441581636
615110952445775886
615110952445775888
615110952445775902
615110952445775903
615110952445775904
615110952445775907
615110952445775910
615110952445775912
615110952445775938
615110952445775939
615110952445775941
615110952449970176
615110952449970177
615110952449970180
615110952449970186
615110952449970191
615110952449970192
615110952449970195
615110952449970196
615110952449970197
615110952449970198
615110952449970201
615110952449970203
615110952449970207
615110952449970210
615110952449970212
615110952449970213
615110952449970216
615110952449970218
615110952449970219
615110952449970220
615110952449970221
615110952449970222
615110952449970223
615110952449970224
615110952449970225
615110952449970226
615110952449970227
615110952449970228
615110952449970230
615110952449970231
615110952449970232
615110952449970240
615110952454164510
615110952454164520
615110952143786004
615110952143786006
615110952143786008
615110952143786009
615110952143786010
615110952143786011
615110952147980288
615110952147980290
615110952147980291
615110952147980296
615110952147980300
615110952147980301
615110952147980302
615110952147980303
615110952147980314
615110952156368903
615110952156368913
615110952156368914
615110952156368915
615110952454164521
615110952454164522
615110952454164523
615110952454164524
615110952454164525
615110952454164526
615110952454164527
615110952454164528
615110952454164529
615110952454164530
615110952454164531
615110952454164532
615110952454164533
615110952454164534
615110952454164535
615110952454164536
615110952454164537
615110952454164538
615110952454164539
615110952454164540
615110952454164541
615110952454164542
615110952454164543
615110952454164544
615110952454164545
615110952458358784
615110952458358785
615110952458358786
615110952458358787
615110952458358788
615110952458358802
615110952458358807
615110952458358848
615110952462553090
615110952462553101
615110952462553138
615110952462553141
615110952466747398
615110952466747428
615110952466747431
615110952466747432
615110952466747439
615110952466747440
615110952466747441
615110952466747446
615110952479330315
615110952479330320
615110952479330323
615110952479330372
615110952483524609
615110952483524610
615110952483524611
615110952483524612
615110952483524613
615110952483524639
615110952483524642
615110952483524643
615110952483524646
615110952483524647
615110952483524650
615110952483524651
615110952483524654
615110952483524655
615110952483524656
615110952483524657
615110952487718924
615110952487718944
615110952500301869
615110952500301870
615110952500301873
615110952500301874
615110952500301875
615110952500301876
615110952500301894
615110952160563229
615110952164757505
615110952164757506
615110952164757507
615110952164757512
615110952164757513
615110952164757514
615110952164757515
615110952164757516
615110952164757517
615110952164757521
615110952164757522
615110952164757531
615110952168951808
615110952168951811
615110952168951821
615110952168951823
615110952168951824
615110952168951826
615110952168951827
615110952173146130
615110952173146133
615110952194117653
615110952244449282
615110952261226554
615110952261226574
615110952265420868
615110952265420869
615110952269615106
615110952269615153
615110952269615155
615110952269615166
615110952269615167
615110952269615168
615110952269615170
615110952269615171
615110952269615177
615110952269615179
615110952273809410
615110952273809416
615110952273809417
615110952273809418
615110952273809421
613177573293006891
613177573297201153
613177573297201154
613177573297201155
613177573297201156
613177573297201157
613177573297201158
613177573297201159
613177573297201160
613177573297201161
613177573297201162
613177573297201163
613177573297201164
613177573297201165
613177573297201166
613177573297201167
613177573297201168
613177573297201169
613177573297201170
613177573297201171
613177573297201172
613177573297201183
613177573297201186
613177573297201187
613177573301395513
613177573301395529
613177573301395531
613177573305589773
613177573305589774
615110952294780936
615110952298975254
615110952303169595
615110952408027171
615110952408027173
615110952412221450
615110952433193002
615110952433193002
615110952433193002
615110952433193002
615110952433193002
615110952433193002
615110952433193019
615110952466747413
615110952487718962
615110952496107560
615110952500301861
615110952500301861
615110952500301876
615110952106037257
615110952106037258
615110952122814478
615110952122814479
615110952139591690
615110952152174602
615110952156368899
615110952168951814
615110952185729029
615110952194117635
615110952194117653
615110952236060680
615110952257032198
615110952257032263
615110952261226557
615110952269615105
615110952269615153
615110952273809467
615110952278003725
615110952278003738
615110952282198028
615110952294780941
615110952307363865
615110952319946796
615110952324141056
615110952328335399
615110952328335412
615110952357695498
615110952361889797
615110952361889813
615110952366084102
615110952366084114
615110952366084114
615110952366084114
615110952366084130
615110952370278415
615110952370278415
615110952428998707
615110952433193000
615110952433193000
615110952433193004
615110952437387286
615110952445775884
615110952445775919
615110952445775932
615110952449970205
615110952449970212
615110952458358848
615110952462553101
615110952462553138
615110952462553141
615110952466747415
615110952479330341
615110952479330341
615110952479330342
615110952479330342
615110952479330342
615110952479330342
615110952479330342
615110952479330342
615110952479330342
615110952479330342
615110952479330350
615110952483524639
