599951167045754888
599951167045754921
599951167045754928
599951167049949196
599951167041560576
599951167041560577
599951167041560578
599951167041560579
599951167041560580
599951167041560581
599951167041560582
599951167041560583
599951167041560584
599951167041560585
599951167041560586
599951167041560587
599951167041560588
599951167041560589
599951167041560590
599951167045754880
599951167045754881
599951167045754882
599951167045754883
599951167045754884
599951167045754885
599951167045754886
599951167045754887
599951167045754888
599951167045754889
599951167045754890
599951167045754891
599951167045754892
599951167045754893
599951167045754894
599951167045754895
599951167045754896
599951167054143536
599951167058337819
599951167129640965
599951167129640967
599951167129640970
599951167129640972
599951167129640982
599951167129640985
599951167129640987
599951167129641006
599951167133835282
599951167133835286
599951167133835293
599951167142223915
599951167142223920
599951167146418182
599951167146418203
599951167146418207
599951167146418208
599951167146418211
599951167146418212
599951167146418213
599951167146418221
599951167146418222
599951167146418223
599951167150612482
599951167150612483
599951167150612484
599951167150612486
599951167150612488
599951167150612490
599951167150612491
599951167150612492
599951167150612493
599951167150612494
599951167150612495
599951167150612497
599951167150612498
599951167150612499
599951167150612500
599951167150612501
599951167150612502
599951167150612503
599951167150612523
599951167154806791
599951167154806797
599951167154806800
599951167154806806
599951167154806807
599951167154806810
599951167154806811
599951167154806812
599951167154806813
599951167154806815
599951167154806816
599951167154806817
599951167154806820
599951167154806821
599951167154806822
599951167154806823
599951167154806824
599951167154806826
599951167154806827
599951167159001092
599951167163195395
599951167163195409
599951167163195411
599951167163195412
599951167163195415
599951167163195416
599951167163195419
599951167163195425
599951167163195434
599951167167389742
599951167171584011
599951167171584020
599951167179972646
599951167179972648
599951167179972650
599951167184166948
599951167184166960
599951167188361216
599951167188361236
599951167188361238
599951167192555525
599951167192555532
599951167192555533
599951167192555534
599951167192555536
599951167192555556
599951167192555560
599951167192555562
599951167196749864
599951167196749865
599951167196749868
599951167196749870
599951167196749871
599951167200944131
599951167200944132
599951167200944133
599951167200944136
599951167200944143
599951167205138471
599951167209332745
599951167213527042
599951167062532131
599951167213527061
599951167217721344
599951167217721352
599951167217721359
599951167217721360
599951167217721361
599951167217721363
599951167217721364
599951167217721368
599951167217721372
599951167217721373
599951167217721374
599951167217721379
599951167221915648
599951167221915651
599951167221915652
599951167221915657
599951167230304262
599951167238692911
599951167242887208
599951167242887209
599951167247081494
599951167247081497
599951167251275780
599951167251275796
599951167251275800
599951167251275801
599951167251275822
599951167251275823
599951167255470093
599951167255470094
599951167247081494
599951167247081497
599951167251275802
599951167255470092
599951167255470099
599951167255470101
599951167255470102
599951167255470104
599951167255470105
599951167255470106
599951167259664391
599951167259664392
599951167263858714
599951167263858715
599951167263858716
599951167263858717
599951167263858721
599951167263858722
599951167263858724
599951167263858728
599951167263858729
599951167263858730
599951167263858731
599951167263858732
599951167263858733
599951167263858734
599951167263858735
599951167263858736
599951167268052992
599951167268052993
599951167268052994
599951167268052995
599951167268052996
599951167268052997
599951167268052998
599951167268052999
599951167268053000
599951167268053001
599951167268053018
599951167268053019
599951167268053020
599951167268053021
599951167268053022
599951167268053023
599951167268053024
599951167268053025
599951167268053026
599951167268053027
599951167268053028
599951167268053029
599951167268053030
599951167268053031
599951167268053032
599951167268053033
599951167268053034
599951167268053035
599951167268053036
599951167268053037
599951167268053038
599951167268053039
599951167268053040
599951167268053041
599951167268053042
599951167272247296
599951167272247297
599951167272247298
599951167272247299
599951167272247300
599951167272247301
599951167272247302
599951167272247310
599951167272247311
599951167272247312
599951167272247313
599951167272247314
599951167272247315
599951167272247319
599951167272247320
599951167272247321
599951167272247322
599951167272247323
599951167272247324
599951167272247325
599951167272247326
599951167272247327
599951167272247328
599951167272247329
599951167272247330
599951167272247331
599951167272247332
599951167272247333
599951167272247334
599951167284830225
599951167284830226
599951167284830227
599951167284830228
599951167284830229
599951167284830230
599951167284830231
599951167284830232
599951167284830233
599951167284830234
599951167284830235
599951167284830236
599951167284830237
599951167284830238
599951167284830239
599951167284830240
599951167284830257
599951167289024512
599951167289024513
599951167289024514
599951167289024515
599951167289024516
599951167289024517
599951167289024518
599951167289024519
599951167289024520
599951167289024521
599951167289024522
599951167289024523
599951167289024524
599951167289024525
599951167289024526
599951167293218829
599951167293218830
599951167293218831
599951167293218832
599951167293218833
599951167293218834
599951167293218835
599951167293218836
599951167293218837
599951167293218838
599951167293218839
599951167293218840
599951167293218841
599951167293218842
599951167293218843
599951167293218844
599951167293218845
599951167293218846
599951167293218847
599951167293218848
599951167293218849
599951167293218850
599951167293218851
599951167075115035
599951167301607434
599951167301607435
599951167301607436
599951167301607437
599951167301607438
599951167301607439
599951167301607440
599951167301607441
599951167301607442
599951167301607443
599951167301607444
599951167301607445
599951167301607446
599951167301607447
599951167301607448
599951167301607449
599951167301607450
599951167301607451
599951167301607452
599951167301607453
599951167301607454
599951167301607455
599951167301607456
599951167301607457
599951167301607458
599951167301607459
599951167301607460
599951167301607461
599951167301607462
599951167301607463
599951167301607464
599951167301607465
599951167301607466
599951167301607467
599951167301607468
599951167301607469
599951167301607470
599951167301607471
599951167301607472
599951167301607473
599951167305801728
599951167305801729
599951167305801730
599951167305801731
599951167305801732
599951167305801733
599951167305801734
599951167305801735
599951167305801736
599951167305801737
599951167305801738
599951167305801739
599951167305801740
599951167305801741
599951167305801742
599951167305801743
599951167305801744
599951167305801745
599951167305801746
599951167305801747
599951167305801748
599951167305801749
599951167305801750
599951167305801751
599951167305801752
599951167305801753
599951167305801754
599951167305801755
599951167305801756
599951167305801757
599951167305801758
599951167305801759
599951167305801760
599951167305801761
599951167305801762
599951167305801763
599951167305801764
599951167305801765
599951167305801766
599951167309996054
599951167309996055
599951167309996057
599951167309996058
599951167309996062
599951167309996063
599951167309996065
599951167309996068
599951167309996069
599951167309996070
599951167309996071
599951167309996072
599951167309996073
599951167309996074
599951167309996075
599951167309996076
599951167309996077
599951167309996078
599951167309996079
599951167309996080
599951167309996081
599951167314190336
599951167314190337
599951167314190338
599951167314190339
599951167314190340
599951167314190341
599951167314190342
599951167314190343
599951167314190344
599951167314190345
599951167314190346
599951167314190347
599951167314190348
599951167314190349
599951167314190350
599951167314190351
599951167314190352
599951167314190353
599951167314190354
599951167314190355
599951167314190356
599951167314190357
599951167314190358
599951167314190359
599951167314190360
599951167314190361
599951167314190362
599951167314190363
599951167314190364
599951167314190365
599951167314190366
599951167314190367
599951167314190368
599951167314190369
599951167314190370
599951167314190371
599951167322578950
599951167322578951
599951167322578952
599951167322578953
599951167322578954
599951167322578955
599951167322578956
599951167322578957
599951167322578958
599951167322578959
599951167322578960
599951167322578961
599951167322578962
599951167322578973
599951167322578974
599951167322578975
599951167322578977
599951167322578978
599951167079309314
599951167079309315
599951167079309316
599951167079309317
599951167079309318
599951167083503636
599951167083503638
599951167083503640
599951167083503641
599951167083503645
599951167083503646
599951167083503647
599951167083503649
599951167083503650
599951167083503651
599951167083503654
599951167091892244
599951167091892245
599951167091892246
599951167091892247
599951167091892248
599951167091892249
599951167091892250
599951167091892251
599951167091892252
599951167091892253
599951167091892254
599951167091892255
599951167091892256
599951167091892257
599951167091892258
599951167091892259
599951167091892260
599951167091892261
599951167091892262
599951167091892264
599951167091892265
599951167091892266
599951167091892267
599951167091892268
599951167091892269
599951167091892270
599951167091892271
599951167091892243
599951167091892272
599951167091892273
599951167100280840
599951167104475154
599951167104475155
599951167104475156
599951167104475157
599951167104475158
599951167104475159
599951167104475160
599951167104475161
599951167104475162
599951167104475163
599951167104475164
599951167104475165
599951167104475166
599951167104475167
599951167104475168
599951167104475169
599951167104475170
599951167108669477
599951167108669486
599951167108669487
599951167112863759
599951167117058066
599951167117058067
599951167117058074
599951167117058078
599951167117058079
599951167117058082
599951167117058083
599951167117058084
599951167129640960
599951167129640961
599951167129640963
