615115443551309825
615115443589058572
615115443618418694
615115443748442136
615115443748442137
615115443748442141
615115443748442145
615115443748442146
615115443748442147
615115443748442148
615115443748442149
615115443748442150
615115443748442151
615115443748442152
615115443748442153
615115443748442159
615115443748442160
615115443748442161
615115443748442162
615115443748442163
615115443748442164
615115443748442166
615115443748442168
615115443748442169
615115443748442170
615115443748442171
615115443748442172
615115443748442173
615115443748442174
615115443748442175
615115443748442176
615115443748442177
615115443748442178
615115443748442179
615115443748442180
615115443748442181
615115443748442182
615115443748442183
615115443748442184
615115443748442185
615115443748442186
615115443748442187
615115443752636416
615115443752636417
615115443752636418
615115443752636419
615115443752636420
615115443752636421
615115443752636422
615115443752636423
615115443752636424
615115443752636425
615115443752636427
615115443752636428
615115443752636429
615115443752636430
615115443752636431
615115443752636432
615115443752636433
615115443752636434
615115443752636435
615115443752636436
615115443752636437
615115443752636438
615115443752636439
615115443752636440
615115443752636441
615115443752636442
615115443752636443
615115443752636444
615115443752636445
615115443752636446
615115443752636447
615115443752636448
615115443752636449
615115443752636450
615115443752636451
615115443752636452
615115443752636453
615115443752636454
615115443752636455
615115443752636456
615115443752636457
615115443761025032
615115443769413689
615115443769413690
615115443781996553
615115443781996554
615115443781996555
615115443781996556
615115443781996557
615115443781996558
615115443781996559
615115443781996560
615115443781996561
615115443781996562
615115443781996563
615115443781996564
615115443781996565
615115443781996566
615115443781996567
615115443781996568
615115443786190886
615115443786190920
615115443786190921
615115443786190922
615115443786190923
615115443786190924
615115443786190925
615115443786190926
615115443786190927
615115443790385152
615115443790385153
615115443790385154
615115443790385155
615115443790385156
615115443790385157
615115443790385158
615115443790385159
615115443790385160
615115443790385161
615115443790385170
615115443790385171
615115443790385172
615115443790385224
615115443794579459
615115443794579462
615115443794579464
615115443794579465
615115443794579519
615115443794579520
615115443794579521
615115443794579522
615115443794579523
615115443794579524
615115443794579525
615115443794579526
615115443794579527
615115443794579528
615115443794579529
615115443807162424
615115443807162425
615115443807162426
615115443807162428
615115443807162429
615115443807162430
615115443807162431
615115443807162432
615115443807162433
615115443807162434
615115443807162435
615115443622613003
615115443622613013
615115443622613016
615115443622613019
615115443626807300
615115443626807301
615115443626807302
615115443626807303
615115443626807304
615115443626807305
615115443626807306
615115443626807307
615115443626807308
615115443626807309
615115443626807310
615115443626807315
615115443626807319
615115443626807320
615115443631001601
615115443631001602
615115443631001603
615115443631001604
615115443631001609
615115443631001613
615115443631001614
615115443631001615
615115443631001616
615115443631001617
615115443819745345
615115443819745347
615115443819745350
615115443819745352
615115443819745353
615115443819745354
615115443823939589
615115443823939590
615115443823939593
615115443823939594
615115443823939596
615115443823939597
615115443823939598
615115443823939599
615115443823939600
615115443823939601
615115443828133893
615115443828133894
615115443828133898
615115443828133899
615115443828133900
615115443832328218
615115443840716881
615115443844911171
615115443844911172
615115443849105452
615115443849105455
615115443853299772
615115443857494092
615115443639390211
615115443639390223
615115443639390228
615115443643584530
615115443643584534
615115443643584535
615115443882659873
615115443882659876
615115443882659879
615115443882659883
615115443882659889
615115443882659900
615115443882659906
615115443886854160
615115443886854183
615115443886854185
615115443886854203
615115443886854205
615115443886854207
615115443886854208
615115443886854210
615115443886854213
615115443886854214
615115443886854218
615115443886854219
615115443886854220
615115443886854221
615115443886854223
615115443886854224
615115443886854225
615115443886854226
615115443886854227
615115443886854228
615115443886854229
615115443886854230
615115443886854231
615115443891048448
615115443891048451
615115443891048452
615115443891048453
615115443891048454
615115443891048455
615115443891048456
615115443891048457
615115443891048460
615115443891048462
615115443891048466
615115443891048467
615115443891048468
615115443891048469
615115443891048470
615115443891048471
615115443891048473
615115443891048475
615115443891048476
615115443891048477
615115443891048478
615115443891048486
615115443891048496
615115443891048497
615115443891048500
615115443891048502
615115443891048511
615115443891048515
615115443891048518
615115443891048520
615115443891048521
615115443891048522
615115443891048523
615115443891048524
615115443891048526
615115443891048527
615115443891048528
615115443891048529
615115443891048530
615115443891048531
615115443891048532
615115443891048533
615115443891048534
615115443891048535
615115443895242752
615115443895242753
615115443895242754
615115443895242755
615115443895242756
615115443895242757
615115443895242758
615115443895242759
615115443895242760
615115443895242761
615115443895242762
615115443895242763
615115443895242764
615115443895242765
615115443895242766
615115443895242767
615115443895242768
615115443895242769
615115443895242770
615115443895242771
615115443895242772
615115443895242773
615115443895242774
615115443895242775
615115443895242776
615115443895242777
615115443895242778
615115443895242779
615115443895242780
615115443895242781
615115443895242782
615115443895242783
615115443895242784
615115443895242785
615115443895242786
615115443895242787
615115443895242788
615115443895242789
615115443895242790
615115443895242791
615115443895242792
615115443895242793
615115443895242794
615115443895242795
615115443895242796
615115443895242797
615115443895242800
615115443895242801
615115443895242804
615115443895242805
615115443895242806
615115443895242807
615115443895242808
615115443895242809
615115443895242810
615115443895242811
615115443895242813
615115443895242814
615115443895242815
615115443895242817
615115443895242818
615115443895242819
615115443895242831
615115443895242835
615115443895242836
615115443899437084
615115443899437098
615115443899437099
615115443899437102
615115443899437103
615115443899437105
615115443899437107
615115443899437109
615115443899437110
615115443899437111
615115443899437114
615115443899437116
615115443899437117
615115443899437119
615115443899437120
615115443899437121
615115443899437123
615115443899437127
615115443899437131
615115443899437135
615115443899437136
615115443899437140
615115443899437141
615115443903631364
615115443903631366
615115443903631368
615115443903631369
615115443903631371
615115443903631373
615115443903631375
615115443903631391
615115443903631402
615115443903631404
615115443907825685
615115443907825686
615115443907825687
615115443907825688
615115443907825690
615115443907825693
615115443912019970
615115443912019971
615115443912019972
615115443912019994
615115443912019995
615115443912020005
615115443912020037
615115443912020038
615115443912020039
615115443912020040
615115443912020041
615115443916214276
615115443916214341
615115443916214342
615115443916214347
615115443916214348
615115443924602889
615115443924602890
615115443924602891
615115443924602896
615115443924602963
615115443928797191
615115443928797235
615115443928797236
615115443928797242
615115443928797262
615115443932991502
615115443932991512
615115443932991513
615115443932991514
615115443932991515
615115443932991516
615115443932991517
615115443932991518
615115443932991519
615115443932991520
615115443932991521
615115443932991522
615115443932991523
615115443932991524
615115443932991525
615115443932991526
615115443932991527
615115443932991528
615115443932991534
615115443932991554
615115443937185813
615115443937185814
615115443937185819
615115443937185825
615115443937185827
615115443937185829
615115443937185830
615115443937185853
615115443937185879
615115443941380112
615115443941380114
615115443941380125
615115443941380145
615115443941380146
615115443672944651
615115443672944652
615115443672944654
615115443672944659
615115443672944660
615115443672944666
615115443677138948
615115443677138949
615115443677138958
615115443689721866
615115443698110531
615115443702304839
615115443727470602
615115443727470624
615115443727470631
615115443735859233
615115443735859234
615115443735859235
615115443735859236
615115443735859237
615115443735859238
615115443740053550
615115443740053557
615115443740053558
615115443740053562
615115443740053574
615115443559698441
615115443605835783
615115443698110511
615115443735859215
615115443744247857
615115443744247857
615115443744247881
615115443744247881
615115443748442137
615115443748442137
615115443748442141
615115443748442141
615115443752636433
615115443756830749
615115443756830769
615115443756830779
615115443756830787
615115443765219351
615115443765219359
615115443794579514
615115443798773765
615115443798773780
615115443811356749
615115443815550985
615115443815551052
615115443819745283
615115443819745288
615115443819745345
615115443819745345
615115443823939604
615115443823939604
615115443823939604
615115443823939604
615115443840716814
615115443861688338
615115443861688338
615115443861688377
615115443861688393
615115443861688397
615115443861688398
615115443865882690
615115443865882690
615115443865882690
615115443865882690
615115443874271265
615115443878465583
615115443878465583
615115443878465583
615115443878465583
615115443878465595
615115443878465596
615115443878465597
615115443878465598
615115443878465599
615115443878465600
615115443878465601
615115443878465602
615115443878465603
615115443878465605
615115443878465606
615115443878465607
615115443878465608
615115443878465609
615115443878465610
615115443882659889
615115443912019970
615115443912019970
615115443912019970
615115443912019972
615115443912019975
615115443912019978
615115443916214313
615115443916214341
615115443916214345
615115443916214348
615115443928797188
615115443928797188
615115443928797193
615115443928797193
615115443928797194
615115443928797194
615115443928797194
615115443928797196
615115443928797196
615115443928797196
615115443937185822
615115443937185824
615115443937185826
615115443941380112
615115443576475670
615115443610030087
615115443618418695
615115443643584521
615115443668750342
615115443668750343
615115443668750343
615115443685527560
615115443685527566
615115443693916176
615115443693916197
615115443693916227
615115443698110492
615115443702304821
615115443706499116
615115443706499139
615115443706499143
615115443719082034
615115443719082045
615115443723276330
615115443723276331
615115443727470609
615115443731664909
615115443731664940
615115443740053524
615115443744247817
615115443748442125
615115443748442136
615115443752636434
615115443752636450
615115443752636450
615115443752636450
615115443752636475
615115443756830775
615115443765219335
615115443765219341
615115443765219344
615115443765219345
615115443765219347
615115443765219350
615115443765219371
615115443773607945
615115443802968074
615115443828133897
615115443828133897
615115443828133901
615115443828133902
615115443832328275
615115443840716826
615115443844911121
615115443844911141
615115443844911183
615115443849105452
615115443849105455
615115443853299744
615115443853299772
615115443857494080
615115443857494092
615115443861688334
615115443861688334
615115443861688405
615115443865882691
615115443865882700
615115443870076948
615115443874271258
615115443874271284
615115443874271300
615115443874271300
615115443874271300
615115443874271300
615115443874271316
615115443878465548
615115443878465566
615115443878465623
615115443886854160
615115443886854183
615115443886854185
615115443891048535
615115443895242771
615115443895242771
615115443895242771
615115443895242771
615115443895242771
615115443895242771
615115443895242771
615115443895242771
615115443895242771
615115443895242771
615115443895242771
615115443895242771
615115443895242771
615115443895242779
615115443895242785
615115443895242823
615115443895242823
615115443895242823
615115443895242823
615115443895242826
615115443895242826
615115443899437058
615115443899437058
615115443899437058
615115443899437058
615115443899437060
615115443899437069
615115443899437080
615115443899437084
615115443899437109
615115443912020048
615115443928797222
615115443932991554
615115443937185853
615115443941380107
