605805881183744051
605805881183744052
605805881183744065
605805881183744066
605805881183744067
605805881183744157
605805881183744158
605805881183744159
605805881183744160
605805881183744161
605805881183744162
605805881183744163
605805881183744164
605805881183744165
605805881183744169
605805881183744170
605805881183744171
605805881183744178
605805881183744179
605805881183744180
605805881183744181
605805881183744182
605805881183744183
605805881183744184
605805881183744185
605805881183744186
605805881183744187
605805881183744188
605810646673563837
605810646673563838
605810646673563839
605810646673563840
605810646673563841
605810646673563842
605810646673563843
605810646673563844
605810646673563845
605810646673563846
605810646673563847
605810646673563848
605810646673563849
605810646673563850
605810646673563851
605810646673563852
605810646673563853
605810646673563854
605810646673563855
605810646673563856
605810646673563857
605810646673563858
605810646677757952
605810646677757953
605810646677757954
605810646677757955
605810646677757956
605810646677757957
605810646677757958
605810646677757959
605810646677757960
605810646677757961
605810646677757962
605810646677757963
605810646677757964
605810646677757965
605810646677757966
605810646677758249
605810646677758447
605810646677758448
605810646677758449
605810646677758450
605810646677758451
605810646677758452
605810646677758453
605810646677758454
605810646677758455
605810646677758456
605810646677758457
605810646677758458
605810646677758459
605810646677758460
605810646677758461
605810646677758462
605810646677758463
605810646677758464
605810646677758465
605810646677758466
605810646677758467
605810646677758468
605810646677758469
605810646677758470
605810646677758471
605810646677758472
605810646677758473
605810646677758474
605810646677758475
605810646677758476
605810646677758477
605810646677758478
605810646677758479
605810646677758480
605810646677758481
605810646681952390
605810646681952402
605810646681952403
605810646681952404
605810646681952405
605810646681952406
605810646681952407
605810646681952408
605810646681952409
605810646681952410
605810646681952411
605810646681952412
605810646681952413
605810646681952414
605810646681952415
605810646681952416
605810646681952417
605810646681952418
605810646681952419
605810646681952420
605810646681952421
605810646681952422
605810646681952423
605810646681952424
605810646681952425
605810646681952426
605810646681952427
605810646681952428
605810646681952429
605810646681952430
605810646681952431
605810646681952432
605810646681952448
605810646681952449
605805881183744226
605805881183744227
605805881183744228
605805881183744229
605805881183744230
605805881183744231
605805881183744232
605805881183744233
605805881183744234
605805881183744235
605805881183744236
605805881183744237
605805881183744238
605805881183744239
605805881183744240
605805881183744241
605805881183744242
605805881183744243
605805881183744244
605805881183744245
605805881183744246
605805881183744247
605805881183744248
605805881183744273
605805881183744282
605805881183744284
605805881183744285
605805881183744286
605805881183744287
605805881183744288
605805881183744289
605805881183744290
605805881183744291
605805881183744292
605805881183744293
605805881183744294
605805881183744295
605805881183744296
605805881183744297
605805881183744298
605805881183744299
605819126061772880
605819126061772881
605819126061772882
605819126061772883
605819126061772884
605819126061772885
605819126061772886
605819126061772887
605819126061772888
605819126061772889
605819126061772890
605819126061772891
605819126061772926
605819126061772927
605819126061772938
605819126061772939
605819126061772948
605819126061772949
605819126061772950
605819126061772951
605819126061772952
605819126061772953
605819126061772955
605819126065967151
605805881183744300
605805881183744301
605805881183744302
605805881183744303
605805881183744304
605805881183744305
605805881187938324
605805881187938325
605805881187938326
605805881187938327
605805881187938328
605805881187938329
605805881187938330
605805881187938331
605805881187938332
605805881187938333
605805881187938334
605805881187938335
605805881187938336
605805881187938337
605805881187938338
605805881187938339
605805881187938340
605805881187938341
605805881187938342
605805881187938343
605805881187938344
605805881187938345
605805881187938346
605805881187938347
605805881187938348
605805881187938349
605805881187938350
605805881187938351
605805881187938352
605819126065967170
605819126065967171
605819126065967172
605819126065967218
605819126065967246
605819126065967247
605819126065967248
605819126065967249
605819126065967250
605819126065967251
605819126065967262
605819126065967263
605819126065967264
605819126065967265
605819126065967266
605819126065967267
605819126065967268
605819126065967269
605819126065967270
605819126065967271
605819126065967272
605819126065967289
605819126065967290
605819126065967291
605819126065967293
605819126065967296
605819126065967300
605819126065967308
605819126065967434
605819126065967435
605819126065967436
605819126065967437
605819126065967438
605819126065967439
605819126065967440
605819126065967441
605819126070161408
605819126070161409
605819126070161410
605819126070161411
605819126070161412
605819126070161413
605819126070161414
605819126070161415
605819126070161416
605819126070161417
605819126070161418
605819126070161419
605819126074355759
605819126074355760
605819126074355761
605819126074355762
605819126074355763
605819126074355764
605819126074355765
605819126074355766
605819126074355767
605819126074355768
605819126074355911
605819126074355912
605819126074355913
605819126074355914
605819126074355915
605819126074355916
605819126074355917
605819126074355919
605819126074355920
605819126074355921
605819126074355922
605819126074355923
605819126074355924
605819126074355925
605819126074355926
605819126074355927
605819126074355928
605819126074355929
605819126074355930
605819126074355931
605819126074355932
605819126074355933
605819126074355934
605819126074355935
605819126074355936
605819126074355937
605819126074355943
605819126074355944
605819126074355945
605819126074355946
605819126074355952
605819126074355958
605819126074355959
605819126074355964
605819126074355965
605819126074355966
605819126074355967
605819126074355968
605819126074355975
605819126078550050
605819126078550051
605805881187938393
605805881187938394
605805881187938395
605805881187938396
605819126078550072
605819126078550073
605819126078550074
605819126078550092
605819126078550093
605819126078550094
605819126078550095
605819126078550096
605819126078550097
605819126078550098
605819126078550099
605819126078550100
605819126078550101
605819126078550102
605819126078550103
605819126078550104
605819126078550105
605819126078550106
605819126078550107
605819126078550108
605819126078550109
605821947516854272
605821947516854273
605821947516854274
605821947516854275
605821947516854276
605821947516854277
605821947516854278
605821947516854279
605821947516854280
605821947516854281
605821947516854282
605821947516854283
605821947516854284
605821947516854285
605821947516854286
605821947516854287
605821947516854288
605821947516854289
605821947516854290
605821947516854291
605821947516854292
605821947516854293
605821947516854294
605821947516854295
605821947516854296
605821947516854297
605821947516854298
605821947516854299
605821947516854300
605821947516854301
605821947516854302
605821947516854303
605821947516854304
605821947516854314
605821947516854315
605821947516854316
605821947516854317
605821947516854318
605821947516854319
605821947516854320
605821947516854441
605821947516854442
605821947516854443
605821947516854444
605821947516854445
605821947516854755
605821947516854756
605821947516854757
605821947516854758
605821947516854759
605821947516854760
605821947516854761
605821947516854762
605821947516854763
605821947516854764
605821947516854900
605821947516854901
605821947516854902
605821947516854903
605821947516854904
605821947516854905
605821947516854906
605821947516854907
605821947516854908
605821947516854909
605821947516854910
605821947516854911
605821947516854912
605821947516854913
605821947516854914
605821947516854915
605821947516854916
605821947516854917
605821947516854918
605821947516854919
605821947516854935
605821947516854938
605821947516854939
605821947516854940
605821947516854941
605821947516854942
605821947516854943
605821947516854944
605821947516854945
605821947516854946
605821947516854947
605821947516854948
605821947516854949
605821947516854950
605821947516854951
605821947516854952
605821947516854953
605821947516854954
605821947516854955
605821947516854956
605821947516854957
605821947516854958
605821947516854959
605821947516854960
605821947516854961
605821947516854962
605821947516854963
605821947516854964
605821947516854965
605821947516854966
605821947516854967
605821947516854968
605821947516854969
605821947516854975
605805881187938484
605805881187938485
605805881187938486
605805881187938487
605805881187938495
605821947521049274
605821947521049275
605821947521049276
605821947521049277
605821947521049278
605821947521049279
605821947521049280
605821947521049281
605821947521049282
605821947521049283
605821947521049284
605828387623182397
605828387627377024
605828387627377025
605828387627377026
605828387627377027
605828387627377028
605828387627377029
605828387627377030
605828387627377031
605828387627377032
605828387627377033
605828387627377034
605828387627377035
605828387627377036
605828387627377037
605828387627377038
605828387627377039
605828387627377040
605828387627377041
605828387627377042
605828387627377043
605828387627377044
605828387627377045
605828387627377046
605828387627377047
605828387627377048
605828387627377049
605828387627377050
605828387627377051
605828387627377052
605828387627377053
605828387627377054
605828387627377055
605828387627377056
605828387627377057
605828387627377058
605828387627377059
605828387627377078
605828387627377079
605828387627377080
605828387627377081
605828387627377082
605828387627377083
605828387627377084
605828387627377085
605828387627377086
605828387627377087
605828387627377202
605828387627377203
605828387627377204
605828387627377205
605828387627377206
605828387627377207
605828387627377208
605828387627377209
605828387627377210
605828387627377211
605828387627377212
605828387627377213
605828387627377214
605828387627377215
605828387627377216
605828387627377217
605828387627377218
605828387627377219
605828387627377220
605828387627377221
605828387627377222
605828387627377223
605828387627377224
605828387627377225
605828387627377226
605828387627377227
605828387627377228
605828387627377229
605828387627377230
605828387627377231
605828387627377232
605828387627377233
605828387627377234
605828387627377235
605828387627377236
605828387627377237
605828387627377238
605828387627377239
605828387627377240
605828387627377241
605828387627377242
605828387627377243
605828387627377244
605828387627377245
605828387627377246
605828387627377247
605828387627377248
605828387627377249
605828387627377250
605828387627377251
605828387627377252
605828387627377253
605828387627377254
605828387627377255
605828387627377256
605828387627377257
605828387627377258
605828387627377259
605828387627377260
605828387627377261
605828387627377262
605828387627377263
605828387627377264
605828387627377265
605828387627377266
605828387627377267
605828387627377268
605828387627377269
605828387627377270
605828387627377271
605828387627377272
605828387627377273
605828387627377274
605828387627377275
605828387627377276
605828387627377277
605828387627377278
605828387627377279
605828387627377280
605828387627377281
605828387627377282
605828387627377283
605828387627377284
605828387627377285
605828387627377286
605828387627377287
605828387627377318
605828387627377319
605828387627377320
605828387627377321
605828387627377322
605828387627377323
605828387627377324
605828387627377325
605828387627377326
605828387627377327
605828387627377328
605828387627377329
605828387627377330
605828387627377331
605828387627377332
605828387627377333
605828387627377334
605828387627377335
605828387627377336
605828387627377337
605828387627377338
605828387627377339
605828387627377340
605828387627377341
605828387627377342
605828387627377343
605828387627377344
605828387627377345
605828387627377346
605828387627377347
605828387627377348
605828387627377349
605828387627377350
605828387627377351
605828387627377352
605828387627377353
605828387627377354
605828387627377355
605828387627377356
605828387627377357
605828387627377358
605828387627377359
605828387627377360
605828387627377361
605828387627377362
605828387627377363
605828387627377364
605828387627377365
605828387627377366
605828387627377367
605828387627377368
605828387627377369
605828387627377370
605828387627377371
605828387627377372
605828387627377373
605828387627377374
605828387627377375
605828387627377376
605828387627377377
605828387627377378
605828387627377379
605828387627377380
605828387627377381
605828387627377382
605828387627377399
605828387627377400
605828387627377401
605828387627377402
605828387627377403
605828387627377404
605828387627377405
605828387627377406
605828387627377407
605828387627377408
605828387627377409
605828387627377410
605828387627377411
605828387627377412
605828387627377413
605828387627377414
605828387627377415
605828387627377416
605828387627377417
605828387627377418
605828387627377419
605828387627377420
605828387627377421
605828387627377422
605828387627377423
605828387627377424
605828387627377425
605828387627377426
605828387627377427
605828387627377428
605828387627377429
605828387627377430
605828387627377431
605828387627377432
605828387627377433
605828387627377434
605828387627377435
605828387627377436
605828387627377437
605828387627377438
605828387627377439
605828387627377440
605828387627377441
605828387627377442
605828387627377443
605828387627377444
605828387627377445
605828387627377446
605828387627377447
605828387627377448
605828387627377449
605828387627377450
605828387627377451
605828387627377452
605828387627377453
605828387627377454
605828387627377455
605828387627377456
605828387627377457
605828387627377458
605828387627377459
605828387627377460
605828387627377461
605828387627377462
605828387627377463
605828387627377464
605828387627377465
605828387627377466
605828387627377467
605828387627377468
605828387627377469
605828387627377470
605828387627377471
605828387627377472
605828387627377473
605828387627377474
605828387627377475
605828387627377476
605828387627377477
605828387627377478
605828387627377479
605828387627377480
605828387627377481
605828387627377482
605828387627377483
605828387627377484
605828387627377485
605828387627377486
605828387627377487
605828387627377488
605828387627377489
605828387627377490
605828387627377491
605828387627377492
605828387627377493
605828387631570953
605828387631570954
605828387631570955
605828387631570956
605828387631570957
605828387631570958
605828387631570959
605828387631570960
605828387631570961
605828387631570962
605828387631570963
605828387631570964
605828387631570965
605828387631570966
605828387631570967
605828387631570968
605828387631570969
605828387631570970
605828387631570971
605828387631570972
605828387631570973
605828387631570974
605828387631570975
605828387631570976
605828387631570977
605828387631570978
605828387631570979
605828387631570980
605828387631570981
605828387631570982
605828387631570983
605828387631570984
605828387631570985
605828387631570986
605828387631570987
605828387631570988
605828387631570989
605828387631570990
605828387631570991
605828387631570992
605828387631570993
605828387631570994
605828387631570995
605828387631570996
605828387631570997
605828387631570998
605828387631570999
605828387631571000
605828387631571001
605828387631571085
605828387631571086
605828387631571087
605828387631571088
605828387631571089
605828387631571090
605828387631571091
605828387631571092
605828387631571093
605828387631571094
605828387631571095
605828387631571096
605828387631571097
605828387631571098
605828387631571099
605828387631571100
605828387631571101
605828387631571102
605805881192132662
605805881192132663
605805881192132664
605805881192132665
605805881192132666
605805881192132667
605805881192132668
605805881192132669
605805881192132670
605805881192132671
605805881192132672
605805881192132673
605805881192132674
605805881192132676
605805881192132677
605805881192132678
605805881192132679
605805881192132710
605805881192132711
605805881192132712
605805881192132713
605805881192132714
605805881192132715
605805881192132716
605805881192132717
605805881192132718
605805881192132719
605805881192132720
605805881192132721
605805881192132730
605805881192132731
605805881192132732
605805881192132733
605805881192132735
605828387631571133
605831812702887937
605831812702887998
605831812702887999
605831812702888000
605831812702888001
605831812702888002
605831812702888003
605831812702888004
605831812702888005
605831812702888006
605831812702888007
605831812702888008
605831812702888009
605831812702888010
605831812702888011
605831812702888012
605831812702888013
605831812702888014
605831812702888015
605831812702888016
605831812702888017
605831812702888018
605831812702888019
605831812702888020
605831812702888021
605831812702888022
605831812702888023
605805881192132756
605805881192132757
605805881192132758
605805881192132759
605805881192132760
605805881192132761
605805881192132762
605805881192132763
605805881192132764
605805881192132765
605805881192132766
605805881192132767
605805881192132768
605805881192132769
605805881192132770
605805881192132771
605805881192132772
605805881192132773
605805881192132774
605805881192132775
605805881192132776
605805881192132777
605805881192132778
605805881192132779
605805881192132780
605805881192132781
605805881192132782
605805881192132783
605805881192132784
605805881192132785
605810646673563693
605810646673563694
605810646673563695
