599951167347744788
599951167347744792
599951167351939078
599951167351939112
599951167440019474
599951167440019475
599951167440019476
599951167440019477
599951167440019478
599951167440019479
599951167440019480
599951167440019481
599951167440019482
599951167440019483
599951167440019484
599951167440019485
599951167440019486
599951167440019487
599951167440019488
599951167440019489
599951167440019490
599951167440019491
599951167440019492
599951167440019493
599951167440019494
599951167440019495
599951167440019496
599951167440019497
599951167440019498
599951167440019499
599951167440019500
599951167440019502
599951167440019503
599951167440019504
599951167448408103
599951167452602378
599951167452602380
599951167452602382
599951167452602384
599951167452602410
599951167456796676
599951167456796677
599951167456796688
599951167456796704
599951167460990983
599951167460990987
599951167460990996
599951167481962523
599951167486156849
599951167490351108
599951167490351109
599951167490351110
599951167490351136
599951167498739733
599951167498739736
599951167498739738
599951167498739739
599951167502934018
599951167351939114
599951167351939115
599951167356133383
599951167356133384
599951167356133386
599951167356133393
599951167502934045
599951167502934047
599951167502934051
599951167502934058
599951167523905585
599951167528099852
599951167536488469
599951167536488471
599951167536488472
599951167536488474
599951167536488475
599951167536488476
599951167536488477
599951167536488479
599951167536488480
599951167536488481
599951167536488483
599951167536488484
599951167540682764
599951167540682766
599951167540682767
599951167540682769
599951167540682770
599951167540682772
599951167540682773
599951167540682774
599951167540682775
599951167540682776
599951167540682778
599951167540682781
599951167540682782
599951167540682783
599951167540682784
599951167540682786
599951167540682787
599951167540682788
599951167540682789
599951167540682790
599951167540682791
599951167540682792
599951167540682793
599951167540682794
599951167540682795
599951167540682796
599951167540682797
599951167540682798
599951167540682799
599951167544877056
599951167553265679
599951167553265690
599951167553265692
599951167553265693
599951167565848580
599951167565848581
599951167565848582
599951167565848583
599951167565848584
599951167565848585
599951167565848586
599951167565848587
599951167565848588
599951167565848589
599951167565848596
599951167565848597
599951167565848598
599951167565848599
599951167565848600
599951167565848601
599951167565848602
599951167565848603
599951167565848604
599951167565848605
599951167565848606
599951167565848607
599951167565848608
599951167565848609
599951167565848610
599951167565848611
599951167565848612
599951167565848613
599951167565848614
599951167565848615
599951167565848616
599951167565848617
599951167565848618
599951167565848619
599951167565848620
599951167565848621
599951167570042916
599951167578431522
599951167578431523
599951167578431524
599951167578431525
599951167578431526
599951167578431527
599951167578431528
599951167578431529
599951167578431530
599951167578431531
599951167578431532
599951167578431533
599951167578431534
599951167578431535
599951167578431536
599951167578431537
599951167578431538
599951167578431539
599951167578431540
599951167582625792
599951167582625793
599951167582625794
599951167582625795
599951167582625796
599951167582625797
599951167582625798
599951167582625799
599951167582625800
599951167582625801
599951167582625802
599951167582625828
599951167582625831
599951167586820122
599951167586820123
599951167586820138
599951167586820143
599951167586820147
599951167591014400
599951167591014403
599951167591014411
599951167591014426
599951167591014427
599951167591014428
599951167591014433
599951167591014434
599951167591014436
599951167591014437
599951167591014440
599951167591014441
599951167591014442
599951167595208717
599951167595208719
599951167595208720
599951167595208721
599951167595208723
599951167595208724
599951167595208725
599951167595208727
599951167595208728
599951167595208752
599951167599403028
599951167599403029
599951167599403030
599951167599403033
599951167599403037
599951167599403039
599951167599403040
599951167599403042
599951167599403043
599951167599403044
599951167599403051
599951167603597316
599951167603597317
599951167603597318
599951167603597319
599951167603597324
599951167603597325
599951167603597326
599951167603597330
599951167603597331
599951167603597345
599951167607791618
599951167607791626
599951167607791627
599951167607791667
599951167611985938
599951167611985940
599951167611985951
599951167611985956
599951167616180231
599951167616180239
599951167616180241
599951167616180243
599951167616180262
599951167616180266
599951167616180268
599951167616180269
599951167620374528
599951167620374529
599951167620374550
599951167372910593

599951167381299249
599951167385493524
599951167385493527
599951167385493531
599951167385493532
599951167385493533
599951167385493534
599951167385493535
599951167393882122
599951167393882156
599951167419047938
599951167419047939
599951167419047940
599951167419047941
599951167419047942
599951167419047943
599951167419047944
599951167419047945
599951167419047946
599951167419047947
599951167419047948
599951167419047949
599951167419047950
599951167440019474
599951167440019475
599951167440019476
599951167440019477
599951167440019478
599951167440019479
599951167440019480
599951167440019481
599951167440019482
599951167440019483
599951167440019484
599951167440019485
599951167440019486
599951167440019487
599951167440019488
599951167440019489
599951167440019490
599951167440019491
599951167440019492
599951167440019493
599951167440019494
599951167440019495
599951167440019496
599951167440019498
599951167440019499
599951167440019500
599951167440019502
599951167440019503
599951167440019504
599951167339356208
599951167372910593
599951167377104912
599951167452602410
599951167460990982
599951167553265679
599951167570042916
599951167586820138
599951167599403039
599951167603597334
599951167616180253
599951167616180254
599951167616180255
599951167616180256
599951167616180258
599951167616180259
599951167616180260
599951167616180261
599951167620374564
