606919069427343396
606919069427343397
606919069427343398
606919069427343399
606919069427343400
606919069427343401
606919069427343402
606919069427343403
606919069427343404
606919069427343405
606919069427343406
606919069427343407
606919069427343408
606919069427343409
606919069427343410
606919069427343411
606919069427343412
606919069427343413
606919069427343414
606919069427343415
606919069427343432
606919069427343433
606919069427343434
606919069427343435
606919069427343436
606919069427343437
606919069427343438
606919069427343439
606919069427343440
606919069427343441
606919069427343442
606919069427343443
606919069427343444
606919069427343445
606919069427343446
606919069427343447
606919069427343448
606919069427343449
606919069427343450
606919069427343451
606919069427343452
606919069427343523
606919069427343533
606919069427343534
606919069427343535
606919069427343536
606919069427343537
606919069427343538
606919069427343539
606919069427343540
606919069427343541
606919069427343549
606919069427343550
606919069427343551
606919069427343552
606919069427343553
606919069427343554
606919069427343555
606919069427343556
606919069427343557
606919069427343558
606919069427343559
606925434459824221
606925434459824222
606925434459824223
606925434459824224
606925434459824225
606925434459824226
606925434459824227
606925434459824228
606925434459824229
606925434459824230
606925434459824231
606925434459824232
606925434459824233
606925434459824234
606925434459824235
606925434459824236
606925434459824237
606925434459824238
606925434459824239
606925434459824240
606925434459824241
606925434459824242
606925434459824243
606925434459824244
606925434459824245
606925434459824246
606925434459824247
606925434459824248
606925434459824249
606925434459824250
606925434459824251
606925434459824252
606925434459824253
606925434459824254
606925434459824255
606925434459824256
606925434459824257
606925434459824258
606925434459824259
606925434459824260
606925434459824261
606925434459824262
606925434459824263
606925434459824264
606925434459824265
606925434459824266
606925434459824267
606925434459824268
606925434459824269
606925434459824270
606925434459824271
606925434459824272
606925434459824273
606925434459824274
606925434459824275
606925434459824276
606925434459824277
606925434459824278
606925434459824279
606925434459824280
606925434459824281
606925434459824282
606925434459824283
606925434459824284
606925434459824285
606925434459824286
606925434459824287
606925434459824288
606925434459824289
606925434459824290
606925434459824291
606925434459824292
606925434459824293
606925434459824294
606925434459824295
606925434459824296
606925434459824297
606925434459824298
606925434459824299
606925434459824300
606925434459824301
606925434459824302
606925434459824303
606925434459824304
606925434459824305
606925434459824306
606925434459824307
606925434459824308
606925434459824309
606925434459824310
606925434459824311
606925434459824312
606925434459824313
606925434459824314
606925434459824315
606925434459824316
606925434459824317
606925434459824371
606925434459824372
606925434459824373
606925434459824374
606925434459824375
606925434459824376
606925434459824377
606925434459824378
606925434459824379
606925434459824380
606925434459824381
606925434459824382
606925434459824383
606925434459824435
606925434459824436
606925434459824437
606925434459824438
606925434459824439
606925434459824440
606925434459824441
606925434459824442
606925434459824443
606925434459824444
606925434459824445
606925434459824446
606925434459824460
606925434459824461
606925434459824462
606925434459824463
606925434459824482
606925434459824483
606925434459824485
606925434459824486
606925434459824487
606925434459824488
606925434459824489
606925434459824490
606925434459824491
606925434459824492
606925434459824493
606925434459824494
606925434459824495
606925434459824518
606925434459824519
606925434459824520
606925434459824521
606925434459824522
606925434459824523
606925434459824524
606925434459824525
606925434459824526
606925434459824527
606925434459824528
606925434459824529
606925434459824530
606925434459824531
606925434459824532
606925434459824533
606925434459824534
606925434459824535
606925434459824536
606925434459824537
606925434459824538
606925434459824539
606925434459824540
606925434459824541
606925434459824542
606925434459824543
606925434459824544
606925434459824552
606925434459824553
606925434459824554
606925434459824555
606925434459824556
606925434459824557
606925434459824558
606925434459824559
606925434459824560
606925434459824561
606925434459824562
606925434459824563
606925434459824564
606925434459824565
606925434459824566
606925434459824567
606925434459824568
606925434459824569
606925434459824570
606925434459824571
606925434459824572
606925434459824573
606925434459824574
606925434459824575
606925434459824576
606925434459824577
606919069427343560
606919069427343561
606919069427343562
606919069427343563
606919069427343564
606919069427343565
606919069427343566
606919069427343567
606919069427343568
606919069427343569
606919069427343570
606919069427343571
606919069427343572
606919069427343573
606919069427343574
606919069427343575
606919069427343576
606919069427343577
606919069427343578
606919069427343579
606919069427343580
606919069427343581
606919069427343582
606919069427343583
606919069427343584
606919069427343585
606919069427343586
606919069427343587
606919069427343588
606919069427343589
606919069427343590
606919069427343591
606919069427343592
606919069427343593
606919069427343594
606919069427343595
606919069427343596
606919069427343597
606919069427343598
606919069427343599
606919069427343600
606919069427343601
606919069427343602
606919069427343603
606919069427343604
606919069427343605
606919069427343606
606919069427343607
606919069427343608
606919069427343609
606919069427343610
606919069427343611
606919069427343612
606919069427343613
606919069427343614
606929975574655027
606929975574655028
606929975574655029
606929975574655030
606929975574655044
606929975574655045
606929975574655046
606929975574655047
606929975574655048
606929975574655049
606929975574655050
606929975574655051
606929975574655052
606929975574655053
606929975574655054
606929975574655055
606929975574655056
606929975574655060
606929975574655061
606929975574655062
606929975574655063
606929975574655064
606929975574655065
606929975574655066
606929975574655067
606929975574655068
606929975574655069
606929975574655070
606929975574655071
606929975574655072
606929975574655077
606929975574655078
606929975574655079
606929975574655080
606929975574655081
606929975574655082
606929975574655083
606929975574655084
606929975574655085
606929975574655086
606929975574655087
606929975574655088
606929975574655089
606929975574655090
606929975574655091
606929975574655092
606929975574655093
606929975574655094
606929975574655095
606929975574655096
606929975574655097
606929975574655098
606929975574655099
606929975574655100
606929975574655101
606929975574655102
606929975574655103
606929975574655104
606929975574655105
606929975574655106
606929975574655107
606929975574655108
606929975574655109
606929975574655110
606929975574655111
606929975574655112
606929975574655113
606929975574655114
606929975574655122
606929975574655123
606929975574655124
606929975574655125
606929975574655126
606929975574655127
606929975574655128
606929975574655130
606929975574655136
606929975574655137
606929975574655138
606929975574655146
606929975574655151
606929975574655152
606929975574655157
606929975574655158
606929975574655159
606929975574655160
606929975574655161
606929975574655163
606929975574655173
606929975574655243
606929975574655244
606929975574655245
606929975574655246
606929975574655247
606929975574655248
606929975574655249
606929975578849284
606929975578849285
606929975578849286
606929975578849287
606929975578849288
606929975578849289
606929975578849290
606929975578849291
606929975578849292
606929975578849293
606929975578849294
606929975578849295
606929975578849296
606929975578849297
606929975578849298
606929975578849299
606929975578849300
606929975578849301
606929975578849302
606929975578849303
606929975578849304
606929975578849305
606929975578849306
606929975578849307
606929975578849308
606929975578849312
606929975578849320
606929975578849321
606929975578849355
606929975578849356
606929975578849359
606929975578849360
606929975578849361
606929975578849362
606929975578849363
606929975578849385
606929975578849386
606929975578849387
606929975578849388
606929975578849389
606929975578849390
606929975578849391
606929975578849392
606929975578849393
606929975578849394
606929975578849395
606929975578849429
606929975578849430
606929975578849431
606929975578849432
606929975578849433
606929975578849434
606929975578849435
606929975578849436
606929975578849437
606929975578849438
606929975578849439
606929975578849440
606929975578849441
606929975578849442
606929975578849443
606929975578849444
606929975578849445
606929975578849446
606929975578849447
606929975578849448
606929975578849449
606929975578849450
606929975578849451
606929975578849452
606929975578849453
606929975578849454
606929975578849455
606929975578849456
606929975578849457
606929975578849458
606929975578849459
606929975578849460
606929975578849461
606929975578849462
606929975578849463
606929975578849465
606929975578849466
606929975578849467
606929975578849468
606929975578849469
606929975578849470
606929975578849471
606929975578849593
606929975578849596
606929975578849615
606929975578849678
606929975578849679
606929975578849692
606929975578849693
606929975578849694
606929975578849695
606929975578849702
606929975578849703
606934409196642448
606934409196642449
606934409196642450
606934409196642451
606934409196642452
606934409196642453
606934409196642454
606934409196642455
606934409196642456
606934409196642457
606934409196642458
606934409196642459
606934409196642460
606934409196642461
606934409196642462
606934409196642463
606934409196642464
606934409196642473
606934409196642474
606934409196642475
606934409196642476
606934409196642477
606934409196642478
606934409196642479
606934409200836685
606934409200836686
606934409200836687
606934409200836688
606934409200836689
606934409200836690
606934409200836691
606934409200836692
606934409200836693
606934409200836694
606934409200836695
606934409200836696
606934409200836697
606934409200836698
606934409200836699
606934409200836700
606934409200836701
606934409200836702
606934409200836703
606934409200836704
606934409200836705
606934409200836706
606934409200836707
606934409200836708
606934409200836709
606934409200836710
606934409200836711
606934409200836712
606934409200836713
606934409200836714
606934409200836715
606934409200836716
606934409200836717
606934409200836718
606934409200836719
606934409200836720
606934409200836721
606934409200836722
606934409200836723
606934409200836724
606934409200836725
606934409200836726
606934409200836727
606934409200836728
606934409200836729
606934409200836730
606934409200836731
606934409200836732
606934409200836733
606934409200836734
606934409200836735
606934409200836736
606934409200836737
606934409200836738
606934409200836739
606934409200836740
606934409200836741
606934409200836742
606934409200836743
606934409200836744
606934409200836745
606934409200836746
606934409200836747
606934409200836748
606934409200836749
606934409200836750
606934409200836783
606934409200836784
606934409200836785
606934409200836786
606934409200836787
606934409200836788
606934409200836789
606934409200836790
606934409200836791
606934409200836792
606934409200836793
606934409200836794
606934409200836795
606934409200836796
606934409200836797
606934409200836798
606934409200836799
606934409200836800
606934409200836801
606934409200836802
606934409200836803
606934409200836804
606934409200836805
606934409200836806
606934409200836807
606934409200836808
606934409200836809
606934409200837040
606934409200837042
606934409200837046
606934409200837048
606934409200837050
606934409200837052
606934409200837054
606934409200837056
606934409200837058
606934409200837059
606934409200837061
606934409200837063
606934409200837065
606934409200837066
606934409200837068
606934409200837071
606934409200837248
606934409200837249
606934409200837301
606934409200837302
606934409200837303
606934409200837304
606934409200837371
606934409200837372
606934409200837373
606934409200837374
606934409200837375
606919069427343792
606934409205031000
606934409205031001
606934409205031002
606934409205031003
606934409205031004
606934409205031005
606934409205031006
606934409205031007
606934409205031008
606934409205031009
606934409205031010
606934409205031011
606934409205031012
606934409205031013
606934409205031014
606934409205031015
606934409205031016
606934409205031018
606934409205031020
606934409205031021
606941633621041172
606941633621041173
606941633621041174
606941633621041175
606941633621041176
606941633621041177
606941633621041178
606941633621041179
606941633621041180
606941633621041181
606941633621041182
606941633621041183
606941633625235562
606941633625235563
606941633625235587
606941633625235588
606941633625235770
606941633625235771
606941633625235772
606941633625235773
606941633625235774
606941633625235775
606941633625235987
606941633625235989
606941633625235990
606941633625235992
606941633625235993
606941633625235994
606941633625235997
606941633625235998
606919069427343981
606944583838507205
606944583838507206
606944583838507207
606944583838507208
606944583838507209
606944583838507210
606944583838507211
606944583838507212
606944583838507213
606944583838507214
606944583838507215
606944583838507349
606944583838507350
606944583838507351
606944583838507352
606944583838507353
606944583838507354
606944583838507355
606944583838507356
606944583838507357
606944583838507358
606944583838507359
606944583838507360
606944583838507361
606944583838507362
606944583838507363
606944583838507364
606944583838507386
606944583838507387
606944583838507388
606944583838507389
606944583838507390
606944583838507391
606919069431537681
606919069431537682
606919069431537683
606919069431537684
606919069431537685
606919069431537686
606919069431537687
606919069431537688
606919069431537689
606919069431537690
606919069431537691
606919069431537692
606919069431537693
606919069431537694
606919069431537695
606919069431537696
606919069431537697
606919069431537698
606919069431537699
606919069431537700
606919069431537701
606919069431537702
606919069431537703
606919069431537704
606919069431537705
606919069431537706
606919069431537707
606919069431537708
606919069431537709
606919069431537710
606919069431537711
606919069431537712
606919069431537713
606919069431537714
606919069431537715
606919069431537752
606919069431537753
606919069431537754
606919069431537755
606919069431537756
606919069431537757
606919069431537758
606919069431537759
606919069431537760
606919069431537761
606919069431537762
606919069431537763
606919069431537764
606919069431537765
606919069431537766
606919069431537767
606919069431537768
606919069431537769
606919069431537770
606919069431537771
606919069431537772
606919069431537773
606919069431537774
606919069431537775
606919069431537776
606919069431537777
606919069431537778
606944583846895905
606947351728877580
606947351728877581
606947351728877582
606947351728877583
606947351728877584
606947351728877585
606947351728877589
606947351728877590
606947351728877606
606947351728877607
606947351728877608
606947351728877609
606947351728877610
606947351728877611
606947351728877612
606947351728877613
606947351728877614
606947351728877615
606947351728877616
606947351728877646
606947351728877650
606947351728877652
606947351728877653
606947351728877664
606947351728877665
606947351728877666
606947351728877668
606947351728877669
606947351728877670
606947351728877671
606947351728877672
606947351728877673
606947351728877674
606947351728877675
606947351728877676
606947351728877681
606947351728877682
606947351728877683
606947351728877684
606947351728877685
606947351728877686
606947351728877687
606947351728877688
606947351728877689
606947351728877690
606947351728877691
606947351728877692
606947351728877693
606947351728877694
606947351728877695
606947351728877696
606947351728877697
606947351728877698
606947351728877699
606947351728877700
606947351728877705
606947351728877707
606947351728877709
606947351728877710
606947351728877711
606947351728877712
606947351728877713
606947351728877714
606947351728877715
606947351728877719
606947351728877721
606947351728877723
606947351728877725
606947351728877726
606947351728877727
606947351728877733
606947351728877734
606947351728877735
606947351728877737
606947351728877740
606947351728877741
606947351728877742
606947351728877743
606947351728877744
606947351728877745
606947351728877747
606947351728877749
606947351728877750
606947351728877751
606947351728877752
606947351728877753
606947351728877754
606947351728877755
606947351728877756
606947351728877757
606947351728877758
606947351728877759
606947351728877801
606947351728877802
606947351728877806
606947351728877819
606947351728877821
606947351728877822
606947351728877823
606947351728877837
606947351728877838
606947351728877839
606947351728877840
606947351728878203
606947351728878212
606947351728878218
606947351728878254
606947351728878256
606947351728878257
606947351728878265
606947351728878266
606947351728878267
606947351728878333
606947351728878336
606919069431537844
606919069431537845
606919069431537846
606919069431537847
606919069431537848
606947351733072305
606947351733072306
606925434455629847
606925434455629848
606925434455629849
606925434455629850
606925434455629851
606925434455629852
606925434455629853
606925434455629854
606925434455629855
606925434455629856
606925434455629857
606925434455629858
606925434455629859
606925434455629860
606925434455629861
606925434455629862
606925434455629863
606925434455629864
606925434455629865
606925434455629866
606925434455629867
606925434455629868
606925434455629869
606925434455629870
606925434455629871
606925434455629872
606925434455629873
606925434455629874
606925434455629875
606925434455629876
606925434455629877
606925434455629878
606925434455629879
606925434455629880
606925434455629881
606925434455629882
606925434455629883
606925434455629884
606925434455629885
606925434455629886
606925434455629887
606925434455629888
606925434455629889
606925434455629890
606925434455629891
606925434455629892
606925434455629893
606925434455629894
606925434455629895
606925434455629896
606925434455629897
606925434455629898
606925434455629899
606925434455629900
606925434455629901
606925434455629902
606925434455629903