613177573095874580
613177573427224585
613177573427224592
613177573452390432
613177573452390435
613177573452390436
613177573452390439
613177573464973348
613177573469167621
613177573469167625
613177573469167632
613177573469167634
613177573469167646
613177573469167647
613177573469167648
613177573469167649
613177573469167650
613177573469167651
613177573469167653
613177573469167654
613177573473361966
613177573481750559
613177573485944843
613177573485944844
613177573485944845
613177573490139196
613177573490139197
613177573490139198
613177573490139199
613177573490139200
613177573494333450
613177573515304962
613177573515304963
613177573515304964
613177573515304965
613177573515304966
613177573515304967
613177573515304968
613177573515304969
613177573515304970
613177573515304971
613177573515304972
613177573515304973
613177573515304974
613177573515304975
613177573515304976
613177573515304979
613177573515304980
613177573515304982
613177573540470788
613177573183954967
613177573225898003
613177573230092302
613177573230092303
613177573553053703
613177573553053704
613177573553053705
613177573561442342
613177573561442343
613177573565636609
613177573565636613
613177573565636646
613177573565636647
613177573565636648
613177573565636649
613177573569830923
613177573569830924
613177573569830925
613177573569830926
613177573569830927
613177573569830928
613177573569830929
613177573569830930
613177573569830931
613177573569830932
613177573569830934
613177573569830935
613177573569830936
613177573569830966
613177573574025218
613177573574025219
613177573574025258
613177573574025259
613177573574025260
613177573574025261
613177573574025264
613177573574025265
613177573582413866
613177573582413888
613177573251063843
613177573255258146
613177573276229668
613177573276229670
613177573162983430
613177573192343555
613177573192343560
613177573389475853
613177573473361966
