609553228216012843
609553228216012844
609553228216012845
609553228216012846
609553228216012847
609553228216012848
609553228216012849
609553228216012850
609553228216012851
609553228216012852
609553228216012853
609553228216012854
609553228216012855
609553228216012856
609553228216012857
609553228216012858
609553228216012859
609553228216012860
609553228216012861
609553228216012862
609553228216012863
609553228216012864
609553228216012865
609553228216012866
609553228216012867
609553228216012868
609553228216012869
609553228216012870
609553228216012871
609553228216012872
609553228216012873
609553228216012874
609553228216012875
