609722782868517067
609722782868517068
609722782868517069
609722782868517070
609722782868517071
609722782868517072
609722782868517073
609722782868517074
609722782868517075
609722782868517076
609722782868517077
609722782868517078
609722782868517079
609722782868517080
609722782868517081
609722782868517082
609722782868517083
609722782868517084
609722782868517085
609722782868517099
609722782868517118
609722782868517138
609722782868517147
609722782868517171
609722782868517182
609722782868517183
609722782868517184
609722782868517185
609722782868517193
609722782868517247
609722782868517256
609722782868517257
609722782868517274
609722782868517275
609722782868517276
609722782868517277
609722782868517282
609722782868517285
609722782868517286
609722782868517287
609722782868517288
609722782868517289
609722782868517290
609722782868517291
609722782868517293
609722782868517294
609722782868517295
609722782868517296
609722782868517297
609722782868517298
609722782868517299
609722782868517300
609722782868517301
609722782868517302
609722782868517303
609722782868517304
609722782868517305
