609722782868517306
609722782868517316
609722782868517317
609722782868517324
609722782868517338
609722782868517339
609722782868517340
609722782868517341
609722782868517342
609722782868517343
609722782868517344
609722782868517345
609722782868517346
609722782868517347
609722782868517348
609722782868517349
609722782868517350
609722782868517351
609722782868517352
609722782868517353
609722782868517354
609722782868517355
609722782868517356
609722782868517357
609722782868517358
609722782868517359
609722782868517360
609722782868517361
609722782868517362
609722782868517363
609722782868517364
609722782868517365
609722782868517366
609722782868517367
609722782868517368
609722782868517369
609722782868517370
609722782868517371
609722782868517372
609722782868517373
609722782868517374
609722782868517375
609722782868517376
609722782868517390
609722782868517391
609722782868517392
609722782868517393
609722782868517394
609722782868517395
609722782868517396
609722782868517397
609722782868517401
609722782868517402
609722782868517528
609722782868517529
609722782868517534
609722782868517535
609722782868517536
609722782868517537
609722782868517538
609722782868517550
609722782868517551
609722782868517555
609722782868517570
