609722782868517578
609722782868517579
609722782868517580
609722782868517581
609722782868517582
609722782868517610
609722782868517611
609722782868517612
609722782868517613
609722782868517614
609722782868517615
609722782868517616
609722782868517617
609722782868517618
609722782868517619
609722782868517620
609722782868517621
609722782868517622
609722782868517623
609722782868517624
609722782868517625
609722782868517626
609722782868517627
609722782868517628
609722782868517629
609722782868517630
609722782868517631
609726828115341312
609726828115341313
609726828115341733
