609726828115341408
609726828115341409
609726828115341410
609726828115341411
609726828115341412
609726828115341413
609726828115341414
609726828115341415
609726828115341416
609726828115341417
609726828115341418
609726828115341419
609726828115341420
609726828115341421
609726828115341422
609726828115341423
609726828115341424
609726828115341425
609726828115341426
609726828115341427
609726828115341428
609726828115341429
609726828115341430
609726828115341431
609726828115341432
609726828115341433
609726828115341434
609726828115341435
609726828115341437
609726828115341438
609726828115341439
609544332286525518
609544332290719834
609526786926522949
609526786926522950
609526786926522951
609526786926522951
609526786926522952
609526786926522952
609526786926522953
609526786926522953
609526786926522954
609526786926522954
609526786926522955
609526786926522955
609526786926522956
609526786926522956
609526786926522957
609526786926522957
609526786926522958
609526786926522958
609526786926522959
609526786926522959
609526786926522960
609526786926522961
