615110952298975257
615110952298975258
615110952298975261
615110952298975263
615110952298975264
615110952298975265
615110952298975269
615110952298975273
615110952298975274
615110952298975275
615110952298975277
615110952298975279
615110952298975280
615110952298975285
615110952298975291
615110952298975296
615110952298975297
615110952298975299
615110952298975300
615110952303169595
615110952303169596
615110952303169601
615110952303169602
615110952303169604
615110952303169605
615110952303169606
615110952303169607
615110952303169608
615110952303169609
615110952307363840
615110952307363841
615110952307363842
615110952307363843
615110952307363844
615110952307363845
615110952307363846
615110952307363847
615110952307363848
615110952307363849
615110952307363850
615110952307363851
615110952307363852
615110952307363853
615110952307363854
615110952307363855
615110952307363856
