613177573297201153
613177573297201154
613177573297201155
613177573297201156
613177573297201157
613177573297201158
613177573297201159
613177573297201160
613177573297201161
613177573297201162
613177573297201163
613177573297201164
613177573297201165
613177573297201166
613177573297201167
613177573297201168
613177573297201169
613177573297201170
613177573297201171
613177573297201172
613177573297201183
613177573297201186
613177573297201187
613177573301395513
613177573301395529
613177573301395531
613177573305589773
613177573305589774
