615110952416415800
615110952416415802
615110952416415807
615110952416415809
615110952416415812
615110952416415813
615110952416415814
615110952416415815
615110952416415816
615110952420610048
615110952420610073
615110952420610076
615110952420610077
615110952420610078
615110952420610079
615110952420610080
615110952420610084
615110952420610086
615110952420610088
615110952420610090
615110952420610095
615110952420610096
615110952420610097
615110952420610100
615110952420610106
615110952420610107
615110952420610108
615110952420610112
615110952424804353
615110952424804354
615110952424804355
615110952424804356
615110952424804357
