615110952424804368
615110952424804369
615110952424804380
615110952424804392
615110952424804395
615110952424804396
615110952424804398
615110952424804403
615110952424804407
615110952424804408
615110952424804410
615110952424804411
615110952424804416
615110952424804419
615110952428998656
615110952428998657
615110952428998658
615110952428998659
615110952428998660
615110952428998661
615110952428998664
615110952428998680
615110952428998682
615110952428998684
615110952428998691
615110952428998692
615110952428998693
615110952428998697
615110952428998698
