615110952408027158
615110952408027166
615110952408027167
615110952408027168
615110952408027170
615110952408027171
615110952408027172
615110952408027173
615110952408027174
615110952408027180
615110952408027185
615110952408027186
615110952408027187
615110952408027189
615110952408027190
615110952408027192
615110952408027193
615110952408027197
615110952408027198
615110952408027199
615110952412221450
615110952412221458
615110952412221459
615110952412221460
615110952412221463
615110952412221497
615110952412221498
615110952412221499
615110952412221500
615110952412221501
615110952412221502
615110952412221503
615110952412221504
615110952412221505
615110952412221506
615110952412221507
615110952412221508
615110952412221509
615110952412221510
615110952416415744
615110952416415745
615110952416415757
615110952416415758
615110952416415759
615110952416415760
615110952416415761
615110952416415762
