613177573355921411
613177573355921412
613177573355921413
613177573355921414
613177573355921415
613177573355921416
613177573355921417
613177573355921418
613177573355921419
613177573355921420
613177573355921421
613177573355921422
613177573355921423
613177573355921424
613177573355921426
613177573355921427
613177573355921428
613177573355921429
613177573355921430
613177573355921432
613177573355921433
613177573355921434
613177573355921435
613177573355921436
613177573355921437
613177573355921438
613177573355921439
613177573355921440
613177573355921441
