615110952445775938
615110952445775939
615110952445775941
615110952449970176
615110952449970177
615110952449970180
615110952449970186
615110952449970191
615110952449970192
615110952449970195
615110952449970196
615110952449970197
615110952449970198
615110952449970201
615110952449970203
615110952449970207
615110952449970210
615110952449970212
615110952449970213
615110952449970216
615110952449970218
615110952449970219
615110952449970220
615110952449970221
615110952449970222
615110952449970223
615110952449970224
615110952449970225
615110952449970226
615110952449970227
615110952449970228
615110952449970230
615110952449970231
615110952449970232
615110952449970240
615110952454164510
615110952454164520
