613177573372698642
613177573372698643
613177573372698644
613177573372698645
613177573372698646
613177573372698647
613177573372698648
613177573372698653
613177573372698654
613177573372698655
613177573372698656
613177573372698670
613177573372698671
613177573372698672
613177573372698673
613177573372698674
613177573372698675
613177573372698676
613177573372698677
613177573372698678
613177573372698679
613177573376892940
613177573376892941
613177573376892944
613177573376892945
613177573376892946
613177573376892947
613177573376892948
613177573376892949
613177573376892950
613177573376892951
613177573376892952
613177573376892953
613177573376892954
613177573376892955
613177573376892956
613177573376892957
613177573376892958
613177573376892959
613177573376892960
613177573376892961
613177573376892969
613177573376892970
613177573376892971
613177573376892981
613177573376892982
613177573376892983
613177573376892984
613177573376892985
613177573376892986
613177573376892987
613177573381087232
613177573381087233
