615110952454164521
615110952454164522
615110952454164523
615110952454164524
615110952454164525
615110952454164526
615110952454164527
615110952454164528
615110952454164529
615110952454164530
615110952454164531
615110952454164532
615110952454164533
615110952454164534
615110952454164535
615110952454164536
615110952454164537
615110952454164538
615110952454164539
615110952454164540
615110952454164541
615110952454164542
615110952454164543
615110952454164544
615110952454164545
615110952458358784
615110952458358785
615110952458358786
615110952458358787
615110952458358788
615110952458358802
615110952458358807
615110952458358848
615110952462553090
615110952462553101
