615110952428998700
615110952428998702
615110952428998707
615110952428998708
615110952428998712
615110952428998714
615110952428998722
615110952433192963
615110952433192969
615110952433192972
615110952433192974
615110952433192985
615110952433192987
615110952433192988
615110952433192990
615110952433192993
615110952433192994
615110952433192995
615110952433192997
615110952433192998
615110952433192999
615110952433193000
615110952433193002
615110952433193003
615110952433193004
615110952433193006
615110952433193007
615110952433193009
615110952433193010
615110952433193011
615110952433193012
615110952433193013
615110952433193014
615110952433193015
615110952433193016
615110952433193017
615110952433193018
615110952433193020
615110952433193021
615110952433193022
615110952433193023
615110952433193024
615110952433193025
615110952433193026
615110952433193027
615110952433193028
615110952433193029
615110952433193031
615110952437387264
615110952437387265
615110952437387269
615110952437387270
615110952437387271
615110952437387272
615110952437387273
615110952437387274
615110952437387276
615110952437387277
615110952437387278
615110952437387279
615110952437387280
615110952437387281
615110952437387282
615110952437387290
615110952437387292
615110952437387296
615110952437387306
615110952441581636
615110952445775886
615110952445775888
615110952445775902
615110952445775903
615110952445775904
615110952445775907
615110952445775910
615110952445775912
