615110952106037257
615110952106037258
615110952122814478
615110952122814479
615110952139591690
615110952152174602
615110952156368899
615110952168951814
615110952185729029
615110952194117635
615110952194117653
615110952236060680
615110952257032198
615110952257032263
615110952261226557
615110952269615105
615110952269615153
615110952273809467
615110952278003725
615110952278003738
615110952282198028
615110952294780941
615110952307363865
615110952319946796
615110952324141056
615110952328335399
615110952328335412
615110952357695498
615110952361889797
615110952361889813
615110952366084102
615110952366084114
615110952366084114
615110952366084114
615110952366084130
615110952370278415
615110952370278415
615110952428998707
615110952433193000
615110952433193000
615110952433193004
615110952437387286
615110952445775884
615110952445775919
615110952445775932
615110952449970205
615110952449970212
615110952458358848
615110952462553101
615110952462553138
615110952462553141
615110952466747415
615110952479330341
615110952479330341
615110952479330342
615110952479330342
615110952479330342
615110952479330342
615110952479330342
615110952479330342
615110952479330342
615110952479330342
615110952479330350
615110952483524639
