608000125605433360
608000125605433361
608000125605433362
608000125605433363
608000125605433364
608000125605433365
608000125605433366
608000125605433367
608000125605433368
608000125605433369
608000125605433376
608000125605433377
608000125605433378
608000125605433380
608000125605433381
608000125605433382
608000125605433383
608000125605433384
608000125605433385
608000125605433386
608000125605433387
608000125605433388
608000125605433392
608000125605433393
608000125605433394
608000125605433395
608000125605433401
608000125605433402
608000125605433403
608000125605433404
608000125605433410
608000125605433417
608000125605433418
608000125605433419
608000125605433420
608000125605433421
608000125605433422
608000125605433423
608000125605433424
608000125605433425
608000125605433426
608000125605433427
608000125605433428
608000125605433429
608000125605433430
608000125605433431
608000125605433432
608000125605433439
608000125605433440
