608073548527751282
608073548527751283
608073548527751285
608073548527751287
608073548527751288
608073548527751289
608073548527751295
608073548527751296
608073548527751297
608073548527751299
608073548527751300
608073548527751301
608073548527751313
608073548527751314
608073548527751315
608073548527751327
608073548527751328
608073548527751329
608073548527751331
608073548527751353
608073548527751354
608073548527751359
608073548527751360
608073548527751361
608073548527751367
608073548527751368
608073548527751369
608073548527751372
608073548527751407
608073548527751411
608073548527751415
608073548527751438
608073548527751456
