608073548527751299
608073548527751300
608067497779449963
608067497779449963
608067497779449964
608067497779449964
608067497779449965
608067497779449965
608067497779449966
608067497779449966
608067497779449967
608067497779449967
608067497779449968
608067497779449968
608067497779449969
608067497779449969
608067497779449970
608067497779449970
608067497779449971
608059684139225122
608059684139225122
608059684139225123
608059684139225123
608059684139225124
608059684139225124
608059684139225125
608059684139225125
608059684139225126
608059684139225126
608059684139225127
608059684139225127
608059684139225128
608059684139225128
608059684139225129
608059684139225129
608059684139225130
608059684139225130
608059684139225131
608059684139225131
608059684139225132
608059684139225132
608059684139225133
608059684139225133
608059684139225134
608059684139225134
608059684139225135
608059684139225135
608059684139225136
608059684139225136
608059684139225137
608059684139225137
608059684139225138
608059684139225138
608043369225814138
