615115443891048475
615115443891048476
615115443891048477
615115443891048478
615115443891048486
615115443891048496
615115443891048497
615115443891048500
615115443891048502
615115443891048511
615115443891048515
615115443891048518
615115443891048520
615115443891048521
615115443891048522
615115443891048523
615115443891048524
615115443891048526
615115443891048527
615115443891048528
615115443891048529
615115443891048530
615115443891048531
615115443891048532
615115443891048533
615115443891048534
615115443891048535
615115443895242752
615115443895242753
615115443895242754
615115443895242755
615115443895242756
615115443895242757
615115443895242758
615115443895242759
615115443895242760
615115443895242761
615115443895242762
615115443895242763
615115443895242764
615115443895242765
615115443895242766
615115443895242767
615115443895242768
615115443895242769
615115443895242770
615115443895242771
615115443895242772
615115443895242773
615115443895242774
615115443895242775
615115443895242776
615115443895242777
615115443895242778
615115443895242779
615115443895242780
615115443895242781
615115443895242782
615115443895242783
615115443895242784
615115443895242785
615115443895242786
615115443895242787
615115443895242788
615115443895242789
615115443895242790
