615115443895242791
615115443895242792
615115443895242793
615115443895242794
615115443895242795
615115443895242796
615115443895242797
615115443895242800
615115443895242801
615115443895242804
615115443895242805
615115443895242806
615115443895242807
615115443895242808
615115443895242809
615115443895242810
615115443895242811
615115443895242813
615115443895242814
615115443895242815
615115443895242817
615115443895242818
615115443895242819
615115443895242831
615115443895242835
615115443895242836
615115443899437084
615115443899437098
615115443899437099
615115443899437102
615115443899437103
615115443899437105
615115443899437107
615115443899437109
615115443899437110
615115443899437111
