615115443748442136
615115443748442137
615115443748442141
615115443748442145
615115443748442146
615115443748442147
615115443748442148
615115443748442149
615115443748442150
615115443748442151
615115443748442152
615115443748442153
615115443748442159
615115443748442160
615115443748442161
615115443748442162
615115443748442163
615115443748442164
615115443748442166
615115443748442168
615115443748442169
615115443748442170
615115443748442171
615115443748442172
615115443748442173
615115443748442174
615115443748442175
615115443748442176
615115443748442177
615115443748442178
615115443748442179
615115443748442180
615115443748442181
615115443748442182
615115443748442183
615115443748442184
615115443748442185
615115443748442186
615115443748442187
615115443752636416
615115443752636417
615115443752636418
615115443752636419
615115443752636420
615115443752636421
615115443752636422
615115443752636423
615115443752636424
615115443752636425
615115443752636427
615115443752636428
615115443752636429
615115443752636430
615115443752636431
615115443752636432
615115443752636433
615115443752636434
615115443752636435
615115443752636436
615115443752636437
615115443752636438
615115443752636439
615115443752636440
615115443752636441
615115443752636442
615115443752636443
615115443752636444
615115443752636445
615115443752636446
615115443752636447
615115443752636448
615115443752636449
615115443752636450
615115443752636451
615115443752636452
615115443752636453
615115443752636454
615115443752636455
615115443752636456
615115443752636457
