615115443882659873
615115443882659876
615115443882659879
615115443882659883
615115443882659889
615115443882659900
615115443882659906
615115443886854160
615115443886854183
615115443886854185
615115443886854203
615115443886854205
615115443886854207
615115443886854208
615115443886854210
615115443886854213
615115443886854214
615115443886854218
615115443886854219
615115443886854220
615115443886854221
615115443886854223
615115443886854224
615115443886854225
615115443886854226
615115443886854227
615115443886854228
615115443886854229
615115443886854230
615115443886854231
615115443891048448
615115443891048451
615115443891048452
615115443891048453
615115443891048454
615115443891048455
615115443891048456
615115443891048457
615115443891048460
615115443891048462
615115443891048466
615115443891048467
615115443891048468
615115443891048469
615115443891048470
615115443891048471
615115443891048473
