615115443899437114
615115443899437116
615115443899437117
615115443899437119
615115443899437120
615115443899437121
615115443899437123
615115443899437127
615115443899437131
615115443899437135
615115443899437136
615115443899437140
615115443899437141
615115443903631364
615115443903631366
615115443903631368
615115443903631369
615115443903631371
615115443903631373
615115443903631375
615115443903631391
615115443903631402
615115443903631404
615115443907825685
615115443907825686
615115443907825687
615115443907825688
615115443907825690
615115443907825693
