615115443622613003
615115443622613013
615115443622613016
615115443622613019
615115443626807300
615115443626807301
615115443626807302
615115443626807303
615115443626807304
615115443626807305
615115443626807306
615115443626807307
615115443626807308
615115443626807309
615115443626807310
615115443626807315
615115443626807319
615115443626807320
615115443631001601
615115443631001602
615115443631001603
615115443631001604
615115443631001609
615115443631001613
615115443631001614
615115443631001615
615115443631001616
615115443631001617
