615115443576475670
615115443610030087
615115443618418695
615115443643584521
615115443668750342
615115443668750343
615115443668750343
615115443685527560
615115443685527566
615115443693916176
615115443693916197
615115443693916227
615115443698110492
615115443702304821
615115443706499116
615115443706499139
615115443706499143
615115443719082034
615115443719082045
615115443723276330
615115443723276331
615115443727470609
615115443731664909
615115443731664940
615115443740053524
615115443744247817
615115443748442125
615115443748442136
615115443752636434
615115443752636450
615115443752636450
615115443752636450
615115443752636475
615115443756830775
615115443765219335
615115443765219341
615115443765219344
615115443765219345
615115443765219347
615115443765219350
615115443765219371
615115443773607945
615115443802968074
615115443828133897
615115443828133897
615115443828133901
615115443828133902
615115443832328275
615115443840716826
615115443844911121
615115443844911141
615115443844911183
615115443849105452
615115443849105455
615115443853299744
615115443853299772
615115443857494080
615115443857494092
615115443861688334
615115443861688334
615115443861688405
615115443865882691
615115443865882700
615115443870076948
615115443874271258
615115443874271284
615115443874271300
615115443874271300
615115443874271300
615115443874271300
615115443874271316
615115443878465548
615115443878465566
615115443878465623
615115443886854160
615115443886854183
615115443886854185
615115443891048535
615115443895242771
615115443895242771
615115443895242771
615115443895242771
615115443895242771
615115443895242771
615115443895242771
615115443895242771
615115443895242771
615115443895242771
615115443895242771
615115443895242771
615115443895242771
615115443895242779
615115443895242785
615115443895242823
615115443895242823
615115443895242823
615115443895242823
615115443895242826
615115443895242826
615115443899437058
615115443899437058
615115443899437058
615115443899437058
615115443899437060
615115443899437069
615115443899437080
615115443899437084
615115443899437109
615115443912020048
615115443928797222
615115443932991554
615115443937185853
615115443941380107
