615115443559698441
615115443605835783
615115443698110511
615115443735859215
615115443744247857
615115443744247857
615115443744247881
615115443744247881
615115443748442137
615115443748442137
615115443748442141
615115443748442141
615115443752636433
615115443756830749
615115443756830769
615115443756830779
615115443756830787
615115443765219351
615115443765219359
615115443794579514
615115443798773765
615115443798773780
615115443811356749
615115443815550985
615115443815551052
615115443819745283
615115443819745288
615115443819745345
615115443819745345
615115443823939604
615115443823939604
615115443823939604
615115443823939604
615115443840716814
615115443861688338
615115443861688338
615115443861688377
615115443861688393
615115443861688397
615115443861688398
615115443865882690
615115443865882690
615115443865882690
615115443865882690
615115443874271265
615115443878465583
615115443878465583
615115443878465583
615115443878465583
615115443878465595
615115443878465596
615115443878465597
615115443878465598
615115443878465599
615115443878465600
615115443878465601
615115443878465602
615115443878465603
615115443878465605
615115443878465606
615115443878465607
615115443878465608
615115443878465609
615115443878465610
615115443882659889
615115443912019970
615115443912019970
615115443912019970
615115443912019972
615115443912019975
615115443912019978
615115443916214313
615115443916214341
615115443916214345
615115443916214348
615115443928797188
615115443928797188
615115443928797193
615115443928797193
615115443928797194
615115443928797194
615115443928797194
615115443928797196
615115443928797196
615115443928797196
615115443937185822
615115443937185824
615115443937185826
615115443941380112
