618537538060824630
618537538060824637
618537538060824639
618537538060824657
618537538060824658
618537538065018880
618537538065018881
618537538065018882
618537538065018883
618537538065018884
618537538065018885
618537538065018887
618537538065018888
618537538065018889
618537538065018891
618537538065018892
618537538065018893
618537538065018894
618537538065018910
618537538065018942
618537538065018943
618537538065018944
618537538065018945
618537538065018946
618537538065018947
618537538065018948
618537538065018949
618537538065018950
618537538065018951
618537538069213184
618537538069213185
618537538069213186
618537538069213187
618537538069213188
618537538069213189
618537538069213190
618537538069213191
618537538069213192
618537538069213193
618537538069213194
618537538069213195
618537538069213196
618537538069213197
618537538069213198
618537538069213199
618537538069213200
618537538069213201
618537538069213202
618537538069213203
618537538069213204
618537538069213205
618537538073407492
618537538073407493
618537538073407494
618537538073407495
618537538073407496
618537538073407497
618537538073407498
618537538060824617
618537538060824628
618537538060824629
618537538060824630
618537538060824637
618537538060824639
618537538060824657
618537538060824658
618537538065018880
618537538065018881
618537538065018882
618537538065018883
618537538065018884
618537538065018885
618537538065018887
618537538065018888
618537538065018889
618537538065018891
618537538065018892
618537538065018893
618537538065018894
