618537538090184729
618537538090184730
618537538090184731
618537538090184732
618537538090184733
618537538090184734
618537538090184735
618537538090184736
618537538090184737
618537538090184738
618537538090184739
618537538090184740
618537538090184741
618537538090184742
618537538090184743
618537538090184744
618537538090184745
618537538090184746
618537538090184747
618537538090184748
618537538090184749
618537538090184750
618537538090184751
618537538090184752
618537538090184753
618537538090184754
618537538090184755
618537538090184756
618537538090184757
618537538090184758
618537538090184759
618537538090184760
618537538094379015
618537538094379016
618537538094379017
618537538094379020
618537538094379021
618537538094379022
618537538094379023
618537538094379024
618537538094379041
618537538094379042
618537538094379043
618537538094379087
