618537538186653703
618537538186653704
618537538186653705
618537538186653706
618537538186653707
618537538186653708
618537538186653709
618537538186653710
618537538186653711
618537538186653712
618537538186653713
618537538186653714
618537538186653742
618537538186653743
618537538186653744
618537538186653745
618537538186653746
618537538186653747
618537538186653748
618537538186653749
618537538186653750
618537538186653751
618537538186653752
618537538186653753
618537538186653754
618537538186653755
618537538186653756
618537538186653759
618537538186653760
618537538186653761
618537538186653762
618537538186653763
618537538186653764
618537538186653765
618537538186653766
618537538186653767
618537538186653768
618537538186653769
618537538186653770
618537538186653771
618537538186653772
618537538186653773
618537538186653774
618537538186653776
618537538186653777
618537538186653778
618537538186653779
618537538186653780
618537538186653781
618537538190848000
618537538190848001
618537538190848002
618537538190848003
618537538190848004
618537538190848005
618537538190848006
618537538190848007
618537538190848008
618537538190848009
618537538190848010
618537538190848011
618537538190848012
618537538190848013
618537538190848014
618537538190848015
618537538190848016
618537538190848017
618537538190848018
618537538190848019
618537538190848020
618537538190848021
618537538190848022
618537538190848023
618537538190848024
618537538190848025
618537538190848026
618537538190848027
618537538190848028
618537538190848029
618537538190848030
618537538190848031
618537538190848032
618537538190848033
618537538190848034
618537538190848035
618537538190848036
618537538190848037
618537538190848038
618537538190848039
618537538190848040
618537538190848041
618537538190848042
618537538190848043
618537538190848044
618537538190848045
618537538190848046
618537538190848047
618537538190848048
618537538190848049
618537538190848050
618537538190848051
618537538190848052
618537538190848053
618537538190848054
618537538190848055
618537538190848056
618537538190848057
618537538190848058
618537538190848059
618537538190848060
618537538190848061
618537538190848062
618537538190848063
618537538190848064
618537538190848065
618537538190848066
618537538190848067
618537538190848068
618537538190848069
618537538190848070
618537538190848071
618537538190848072
618537538190848073
618537538190848074
618537538190848075
618537538190848076
618537538190848077
618537538190848078
618537538190848079
618537538190848080
618537538190848081
618537538190848082
618537538190848083
618537538190848084
618537538190848085
618537538190848086
618537538190848087
618537538190848088
618537538190848089
618537538190848090
618537538190848091
618537538190848092
618537538190848093
618537538190848094
618537538190848095
618537538195042304
618537538195042305
618537538195042306
618537538195042307
618537538195042308
618537538195042309
618537538195042310
618537538195042311
618537538195042312
618537538195042313
618537538195042314
618537538195042315
618537538195042316
618537538195042317
618537538195042318
618537538195042319
618537538195042320
618537538195042321
618537538195042322
618537538195042323
618537538195042324
618537538195042325
618537538195042326
618537538195042327
618537538195042328
618537538195042329
618537538195042330
618537538195042331
618537538195042332
618537538195042333
618537538195042334
618537538195042335
618537538195042336
618537538195042337
618537538195042338
618537538195042339
618537538195042340
618537538195042341
618537538195042342
618537538195042343
618537538195042344
618537538195042345
618537538195042346
618537538195042347
618537538195042348
618537538195042349
618537538195042350
618537538195042351
618537538195042352
618537538195042353
618537538195042354
618537538195042355
618537538195042356
618537538195042357
618537538195042358
618537538195042359
618537538195042360
618537538195042361
618537538195042362
618537538195042363
618537538195042364
618537538195042365
618537538195042366
618537538195042367
618537538195042368
618537538195042369
618537538195042370
618537538195042371
618537538195042372
618537538195042373
618537538195042374
618537538195042375
618537538195042376
618537538195042377
