618537538224402489
618537538224402490
618537538224402491
618537538224402492
618537538228596793
618537538232791064
618537538232791065
618537538232791066
618537538232791067
618537538232791068
618537538232791069
618537538232791070
618537538232791071
618537538232791072
618537538232791073
618537538232791074
618537538232791075
618537538232791076
618537538232791079
618537538232791080
618537538232791089
618537538232791091
618537538232791092
618537538232791093
618537538232791094
618537538241179648
618537538241179649
618537538249568304
618537538249568305
618537538249568306
