618537538115350624
618537538115350625
618537538119544855
618537538119544860
618537538123739137
618537538123739138
618537538123739139
618537538123739140
618537538123739141
618537538123739142
618537538123739143
618537538123739144
618537538123739145
618537538123739146
618537538123739147
618537538123739148
618537538123739149
618537538123739150
618537538123739152
618537538123739153
618537538123739154
618537538123739155
618537538123739156
618537538123739157
618537538123739158
618537538123739159
618537538123739160
618537538123739161
618537538123739162
618537538123739163
618537538123739164
618537538123739165
618537538123739166
618537538123739167
618537538123739168
618537538123739169
618537538123739170
618537538123739171
618537538123739172
618537538123739173
618537538123739174
618537538123739175
618537538123739176
618537538123739177
618537538123739178
618537538123739179
618537538123739180
618537538123739181
618537538123739182
618537538123739183
618537538123739184
618537538123739185
618537538123739186
618537538123739187
618537538123739188
618537538123739189
618537538123739190
618537538123739191
618537538123739192
618537538123739193
618537538123739194
618537538123739195
618537538123739196
618537538123739197
618537538123739205
618537538123739206
618537538123739207
618537538123739208
618537538123739209
618537538123739210
618537538123739211
