618537538073407561
618537538077601870
618537538077601871
618537538077601872
618537538077601873
618537538077601874
618537538077601875
618537538081796096
618537538081796097
618537538081796105
618537538081796121
618537538081796122
618537538081796123
618537538081796154
618537538081796155
618537538081796156
618537538081796157
618537538081796159
618537538081796167
618537538081796168
618537538085990461
618537538085990462
618537538085990463
618537538085990464
618537538085990465
618537538085990466
618537538085990467
618537538085990468
618537538085990469
618537538085990470
618537538085990471
618537538085990472
618537538085990473
618537538085990474
618537538085990475
618537538085990476
618537538085990478
