618537538123739212
618537538123739213
618537538123739214
618537538123739215
618537538123739216
618537538123739217
618537538123739218
618537538123739219
618537538123739221
618537538123739222
618537538123739223
618537538123739224
618537538123739225
618537538123739226
618537538127933500
618537538127933501
618537538127933502
618537538127933503
618537538127933504
618537538127933505
618537538127933506
618537538127933511
618537538127933512
618537538127933513
618537538127933514
618537538127933518
618537538127933519
618537538127933520
618537538127933522
618537538127933524
618537538127933527
618537538127933529
618537538132127777
618537538132127785
618537538132127792
