618537538023075909
618537538077601874
618537538081796121
618537538081796122
618537538081796123
618537538119544930
618537538123739136
618537538123739137
618537538123739138
618537538123739139
618537538123739140
618537538123739141
618537538123739142
618537538123739143
618537538123739144
618537538123739145
618537538123739146
618537538123739147
618537538123739148
618537538123739149
618537538123739152
618537538123739153
618537538123739154
618537538123739155
618537538123739156
618537538123739157
618537538123739158
618537538123739159
618537538123739160
618537538123739161
618537538123739162
618537538123739163
618537538123739164
618537538123739165
618537538123739166
618537538123739167
618537538123739168
618537538123739169
618537538123739170
618537538123739171
618537538123739172
618537538123739173
618537538123739174
618537538123739175
618537538123739176
618537538123739177
618537538123739178
618537538123739179
618537538123739180
618537538123739181
618537538123739182
618537538123739183
618537538123739183
618537538123739184
618537538123739185
618537538123739186
618537538123739187
618537538123739188
618537538123739189
618537538123739190
618537538123739191
618537538123739192
618537538123739193
618537538123739194
618537538123739195
618537538123739196
618537538123739202
618537538123739204
618537538123739205
618537538123739206
618537538123739207
618537538123739208
618537538123739209
618537538123739210
618537538123739211
618537538123739212
618537538123739213
618537538123739214
618537538123739215
618537538123739216
618537538123739217
618537538123739218
618537538123739220
618537538123739221
618537538123739222
618537538123739223
618537538123739224
618537538123739225
618537538123739226
618537538123739235
618537538127933440
618537538127933441
618537538127933442
618537538127933443
618537538127933445
618537538127933446
618537538127933447
618537538127933448
618537538127933449
618537538127933450
618537538127933451
618537538127933452
618537538127933453
618537538127933454
618537538127933456
618537538127933457
618537538127933458
618537538127933459
618537538127933460
618537538127933461
618537538127933462
618537538127933463
618537538127933498
618537538127933499
618537538127933500
618537538127933501
618537538127933502
618537538127933503
618537538127933504
618537538127933505
618537538127933506
618537538127933507
618537538127933507
618537538127933508
618537538127933508
618537538127933510
618537538127933511
618537538127933512
618537538127933513
618537538127933514
618537538127933519
618537538127933527
618537538169876523
618537538169876524
618537538169876525
618537538169876526
618537538169876527
618537538169876529
618537538169876531
618537538169876532
618537538169876533
618537538169876534
618537538174070784
618537538174070785
618537538174070786
618537538174070787
618537538174070788
618537538174070789
618537538174070790
618537538174070791
618537538174070792
618537538174070793
618537538174070794
618537538174070795
618537538174070796
618537538174070797
618537538174070798
618537538174070799
618537538174070800
618537538174070801
618537538174070802
618537538174070803
618537538174070804
618537538174070805
618537538174070806
618537538174070807
618537538174070809
618537538174070810
618537538174070811
618537538174070812
618537538174070813
618537538174070814
618537538174070815
618537538174070816
618537538174070817
618537538174070818
618537538174070819
618537538174070820
618537538174070821
618537538174070822
618537538174070823
618537538174070824
618537538174070825
618537538174070826
618537538174070827
618537538174070828
618537538174070829
618537538174070830
618537538174070831
618537538174070832
618537538174070833
618537538174070834
618537538174070835
618537538174070836
618537538174070837
618537538174070838
618537538178265088
618537538178265089
618537538178265090
618537538178265091
618537538178265092
618537538178265093
618537538178265094
618537538178265096
618537538178265097
618537538178265098
618537538178265099
618537538178265100
618537538178265101
618537538178265102
618537538178265103
618537538178265104
618537538178265105
618537538178265106
618537538178265107
618537538178265108
618537538178265109
618537538178265110
618537538178265111
618537538178265112
618537538178265113
618537538178265114
618537538178265115
618537538178265116
618537538178265117
618537538178265118
618537538178265119
618537538178265120
618537538178265121
618537538178265122
618537538178265123
618537538178265124
618537538178265125
618537538178265126
618537538178265127
618537538178265128
618537538178265129
618537538178265130
618537538178265131
618537538178265132
618537538178265133
618537538178265134
618537538182459392
618537538182459393
618537538182459394
618537538182459395
618537538182459396
618537538182459397
618537538182459398
618537538182459399
618537538182459400
618537538182459401
618537538182459402
618537538182459403
618537538182459404
618537538182459405
618537538182459406
618537538182459407
618537538182459408
618537538182459409
618537538182459410
618537538182459411
618537538182459412
618537538182459413
618537538182459414
618537538182459415
618537538182459416
618537538182459417
618537538182459418
618537538182459419
618537538182459420
618537538182459421
618537538182459422
618537538182459423
618537538182459424
618537538182459425
618537538182459426
618537538182459427
618537538182459428
618537538182459429
618537538182459430
618537538182459431
618537538182459432
618537538182459433
618537538182459434
618537538182459435
618537538182459436
618537538182459437
618537538182459438
618537538182459439
618537538182459440
618537538182459441
618537538182459442
618537538182459443
618537538182459444
618537538182459445
618537538182459446
618537538182459447
618537538182459448
618537538182459449
618537538182459450
618537538182459451
618537538182459452
618537538182459453
618537538182459454
618537538182459455
618537538186653696
618537538186653697
618537538186653698
618537538186653699
618537538186653700
618537538186653701
618537538186653702
618537538186653703
618537538186653704
618537538186653705
618537538186653706
618537538186653707
618537538186653708
618537538186653709
618537538186653710
618537538186653711
618537538186653712
618537538186653731
618537538186653742
618537538186653743
618537538186653744
618537538186653745
618537538186653746
618537538186653747
618537538186653748
618537538186653749
618537538186653750
618537538186653751
618537538186653752
618537538186653753
618537538186653754
618537538186653758
618537538186653760
618537538186653761
618537538186653762
618537538186653763
618537538186653764
618537538186653765
618537538186653766
618537538186653767
618537538186653768
618537538186653769
618537538186653770
618537538186653771
618537538186653772
618537538186653773
618537538186653774
618537538186653775
618537538186653776
618537538186653777
618537538186653778
618537538186653779
618537538186653780
618537538186653781
618537538190848000
618537538190848001
618537538190848002
618537538190848003
618537538190848004
618537538190848005
618537538190848006
618537538190848007
618537538190848008
618537538190848009
618537538190848010
618537538190848011
618537538190848012
618537538190848013
618537538190848014
618537538190848015
618537538190848016
618537538190848017
618537538190848018
618537538190848019
618537538190848020
618537538190848021
618537538190848022
618537538190848023
618537538190848024
618537538190848025
618537538190848026
618537538190848027
618537538190848028
618537538190848029
618537538190848030
618537538190848031
618537538190848032
618537538190848033
618537538190848034
618537538190848035
618537538190848036
618537538190848037
618537538190848038
618537538190848039
618537538190848040
618537538190848041
618537538190848042
618537538190848043
618537538190848044
618537538190848045
618537538190848046
618537538190848047
618537538190848048
618537538190848049
618537538190848050
618537538190848051
618537538190848052
618537538190848053
618537538190848054
618537538190848055
618537538190848056
618537538190848057
618537538190848058
618537538190848059
618537538190848061
618537538190848062
618537538190848063
618537538190848064
618537538190848065
618537538190848066
618537538190848067
618537538190848068
618537538190848069
618537538190848070
618537538190848071
618537538190848072
618537538190848073
618537538190848074
618537538190848075
618537538190848076
618537538190848077
618537538190848078
618537538190848079
618537538190848080
618537538190848082
618537538190848083
618537538190848084
618537538190848085
618537538190848086
618537538190848088
618537538190848089
618537538190848090
618537538190848091
618537538190848092
618537538190848093
618537538190848094
618537538195042304
618537538195042305
618537538195042306
618537538195042308
618537538195042309
618537538195042310
618537538195042311
618537538195042312
618537538195042313
618537538195042314
618537538195042315
618537538195042316
618537538195042317
618537538195042320
618537538195042321
618537538195042322
618537538195042323
618537538195042324
618537538195042325
618537538195042326
618537538195042327
618537538195042328
618537538195042329
618537538195042330
618537538195042331
618537538195042332
618537538195042333
618537538195042334
618537538195042335
618537538195042336
618537538195042338
618537538195042339
618537538195042340
618537538195042341
618537538195042342
618537538195042343
618537538195042344
618537538195042345
618537538195042346
618537538195042348
618537538195042349
618537538195042350
618537538195042351
618537538195042352
618537538195042353
618537538195042354
618537538195042355
618537538195042356
618537538195042357
618537538195042358
618537538195042359
618537538195042360
618537538195042361
618537538195042362
618537538195042363
618537538195042364
618537538195042365
618537538195042366
618537538195042367
618537538195042368
618537538195042369
618537538195042370
618537538195042371
618537538195042372
618537538195042373
618537538195042374
618537538195042375
618537538195042376
618537538195042377
618537538195042382
618537538195042384
618537538195042385
618537538195042386
618537538195042387
618537538195042388
618537538195042389
618537538195042390
618537538195042391
618537538195042392
618537538195042393
618537538195042394
618537538195042395
618537538195042396
618537538195042398
618537538199236608
618537538199236609
618537538199236610
618537538199236612
618537538199236613
618537538199236614
618537538199236615
618537538199236616
618537538199236617
618537538199236618
618537538199236619
618537538199236620
618537538199236621
618537538199236622
618537538199236623
618537538199236624
618537538199236625
618537538199236626
618537538199236627
618537538199236628
618537538199236629
618537538199236630
618537538199236631
618537538199236632
618537538199236633
618537538199236634
618537538199236635
618537538199236636
618537538199236637
618537538199236638
618537538199236639
618537538199236640
618537538199236642
618537538199236643
618537538199236644
618537538199236645
618537538199236646
618537538199236647
618537538199236648
618537538199236649
618537538199236650
618537538199236651
618537538199236652
618537538199236653
618537538199236654
618537538199236655
618537538199236656
618537538199236657
618537538199236658
618537538199236659
618537538199236660
618537538199236661
618537538199236662
618537538199236663
618537538199236664
618537538199236665
618537538199236666
618537538199236667
618537538199236668
618537538199236669
618537538199236670
618537538199236671
618537538199236672
618537538199236673
618537538199236674
618537538199236675
618537538199236676
618537538199236677
618537538199236678
618537538199236679
618537538199236680
618537538199236681
618537538199236682
618537538199236683
618537538199236684
618537538199236685
618537538199236686
618537538199236687
618537538199236688
618537538199236689
618537538199236690
618537538199236691
618537538199236692
618537538199236693
618537538199236694
618537538199236695
618537538199236696
618537538199236697
618537538199236698
618537538199236699
618537538199236700
618537538199236701
618537538199236702
618537538203430912
618537538203430913
618537538203430914
618537538203430915
618537538203430916
618537538203430917
618537538203430918
618537538203430919
618537538203430920
618537538203430921
618537538203430922
618537538203430923
618537538203430924
618537538203430925
618537538203430926
618537538203430927
618537538203430928
618537538203430929
618537538203430930
618537538203430931
618537538203430932
618537538203430933
618537538203430934
618537538203430935
618537538203430936
618537538203430937
618537538203430938
618537538203430939
618537538203430940
618537538203430941
618537538203430942
618537538203430943
618537538203430944
618537538203430945
618537538203430946
618537538203430947
618537538203430948
618537538203430949
618537538203430950
618537538203430951
618537538203430952
618537538203430953
618537538203430956
618537538203430957
618537538203430958
618537538203430959
618537538203430960
618537538203430961
618537538203430962
618537538203430963
618537538203430964
618537538203430965
618537538203430967
618537538203430968
618537538203430969
618537538203430970
618537538203430971
618537538203430971
618537538203430971
618537538203430971
618537538203430972
618537538203430973
618537538203430974
618537538203430975
618537538203430976
618537538203430977
618537538203430978
618537538203430979
618537538203430980
618537538203430981
618537538203430982
618537538203430983
618537538203430984
618537538203430985
618537538203430986
618537538203430987
618537538203430988
618537538203430989
618537538203430990
618537538203430991
618537538203430992
618537538203430992
618537538203430993
618537538203430994
618537538203430995
618537538203430996
618537538203430997
618537538203430997
618537538203430998
618537538203430999
618537538203431000
618537538203431001
618537538203431003
618537538203431005
618537538203431006
618537538203431007
618537538203431008
618537538203431009
618537538207625216
618537538207625217
618537538207625218
618537538207625219
618537538207625222
618537538207625233
618537538207625239
618537538207625243
618537538207625251
618537538207625259
618537538207625262
618537538207625269
618537538207625270
618537538207625271
618537538207625272
618537538207625273
618537538207625274
618537538207625275
618537538207625278
618537538207625279
618537538207625280
618537538207625281
618537538207625282
618537538207625287
618537538207625288
618537538207625289
618537538207625290
618537538207625291
618537538207625292
618537538207625294
618537538207625295
618537538207625297
618537538207625299
618537538207625301
618537538211819522
618537538211819527
618537538211819529
618537538211819534
618537538211819556
618537538211819566
618537538211819566
618537538211819590
618537538211819591
618537538211819592
618537538211819593
618537538220208199
618537538220208214
618537538220208219
618537538224402436
618537538224402440
618537538224402456
618537538224402492
618537538228596758
618537538228596759
618537538232791063
618537538232791066
618537538232791070
618537538232791071
618537538232791072
618537538232791073
618537538232791074
618537538232791075
618537538232791076
618537538232791077
618537538232791078
618537538232791079
618537538232791080
618537538232791081
618537538232791081
618537538232791082
618537538232791082
618537538232791085
618537538232791085
618537538232791086
618537538232791086
618537538232791089
618537538232791089
618537538232791091
618537538232791092
618537538232791092
618537538232791093
618537538232791093
618537538232791094
618537538232791094
