605828387627377024
605828387627377025
605828387627377026
605828387627377027
605828387627377028
605828387627377029
605828387627377030
605828387627377031
605828387627377032
605828387627377033
605828387627377034
605828387627377035
605828387627377036
605828387627377037
605828387627377038
605828387627377039
605828387627377040
605828387627377041
605828387627377042
605828387627377043
605828387627377044
605828387627377045
605828387627377046
605828387627377047
605828387627377048
605828387627377049
605828387627377050
605828387627377051
605828387627377052
605828387627377053
605828387627377054
605828387627377055
605828387627377056
605828387627377057
605828387627377058
605828387627377059
605828387627377078
605828387627377079
605828387627377080
605828387627377081
