605828387627377482
605828387627377483
605828387627377484
605828387627377485
605828387627377486
605828387627377487
605828387627377488
605828387627377489
605828387627377490
605828387627377491
605828387627377492
605828387627377493
605828387631570953
605828387631570954
605828387631570955
605828387631570956
605828387631570957
605828387631570958
605828387631570959
605828387631570960
605828387631570961
605828387631570962
605828387631570963
605828387631570964
605828387631570965
605828387631570966
605828387631570967
605828387631570968
605828387631570969
605828387631570970
605828387631570971
605828387631570972
605828387631570973
605828387631570974
605828387631570975
605828387631570976
605828387631570977
605828387631570978
605828387631570979
605828387631570980
605828387631570981
605828387631570982
605828387631570983
605828387631570984
605828387631570985
605828387631570986
605828387631570987
605828387631570988
605828387631570989
605828387631570990
605828387631570991
605828387631570992
605828387631570993
605828387631570994
605828387631570995
605828387631570996
605828387631570997
605828387631570998
605828387631570999
605828387631571000
605828387631571001
605828387631571085
605828387631571086
605828387631571087
605828387631571088
605828387631571089
605828387631571090
605828387631571091
605828387631571092
605828387631571093
605828387631571094
605828387631571095
605828387631571096
605828387631571097
605828387631571098
605828387631571099
605828387631571100
605828387631571101
605828387631571102
