605834308738916561
605834308738916562
605834308738916563
605834308738916564
605834308738916565
605834308738916566
605834308738916567
605834308738916568
605834308738916569
605834308738916570
605834308738916571
605834308738916572
605834308738916573
605834308738916574
605834308738916617
605834308738916618
605834308738916619
605834308738916620
605834308738916621
605834308738916622
605834308738916623
605834308738916624
605834308738916625
605834308738916626
605834308738916627
605834308738916628
605834308738916629
