605805881183744300
605805881183744301
605805881183744302
605805881183744303
605805881183744304
605805881183744305
605805881187938324
605805881187938325
605805881187938326
605805881187938327
605805881187938328
605805881187938329
605805881187938330
605805881187938331
605805881187938332
605805881187938333
605805881187938334
605805881187938335
605805881187938336
605805881187938337
605805881187938338
605805881187938339
605805881187938340
605805881187938341
605805881187938342
605805881187938343
605805881187938344
605805881187938345
605805881187938346
605805881187938347
605805881187938348
605805881187938349
605805881187938350
605805881187938351
605805881187938352
