605810646673563837
605810646673563838
605810646673563839
605810646673563840
605810646673563841
605810646673563842
605810646673563843
605810646673563844
605810646673563845
605810646673563846
605810646673563847
605810646673563848
605810646673563849
605810646673563850
605810646673563851
605810646673563852
605810646673563853
605810646673563854
605810646673563855
605810646673563856
605810646673563857
605810646673563858
605810646677757952
605810646677757953
605810646677757954
605810646677757955
605810646677757956
605810646677757957
605810646677757958
605810646677757959
605810646677757960
605810646677757961
605810646677757962
605810646677757963
605810646677757964
605810646677757965
605810646677757966
