605836121438023884
605836121438023885
605836121438023886
605836121438023887
605836121438023888
605836121438023889
605836121438023890
605836121438023891
605836121438023892
605836121438023893
605836121438023894
605836121438023895
605836121438023896
605836121438023897
605836121438023898
605836121438023899
605836121438023900
605836121438023901
605836121438023902
605836121438023903
605836121438023904
605836121438023905
605836121438023906
605836121438023907
605836121438023908
605836121438023909
605836121438023910
605836121438023911
605836121438023912
605836121438023913
605836121438023914
605836121438023915
605836121438023916
605836121438023917
605836121438023918
605836121438023919
605836121438023920
605836121438023921
605836121438023922
605836121438023923
605836121438023924
605836121438023925
605836121438023926
605836121438023927
605836121438023928
605836121438023929
605836121438023930
605836121438023931
605836121438023932
605836121438023933
605836121438023934
605836121438023935
605836121438023936
605836121438023937
605836121438023938
605836121438023939
605836121438023940
