605805881192132662
605805881192132663
605805881192132664
605805881192132665
605805881192132666
605805881192132667
605805881192132668
605805881192132669
605805881192132670
605805881192132671
605805881192132672
605805881192132673
605805881192132674
605805881192132676
605805881192132677
605805881192132678
605805881192132679
605805881192132710
605805881192132711
605805881192132712
605805881192132713
605805881192132714
605805881192132715
605805881192132716
605805881192132717
605805881192132718
605805881192132719
605805881192132720
605805881192132721
605805881192132730
605805881192132731
605805881192132732
605805881192132733
605805881192132735
