605810646681952390
605810646681952402
605810646681952403
605810646681952404
605810646681952405
605810646681952406
605810646681952407
605810646681952408
605810646681952409
605810646681952410
605810646681952411
605810646681952412
605810646681952413
605810646681952414
605810646681952415
605810646681952416
605810646681952417
605810646681952418
605810646681952419
605810646681952420
605810646681952421
605810646681952422
605810646681952423
605810646681952424
605810646681952425
605810646681952426
605810646681952427
605810646681952428
605810646681952429
605810646681952430
605810646681952431
605810646681952432
