605834308738916484
605834308738916485
605834308738916486
605834308738916487
605834308738916488
605834308738916489
605834308738916490
605834308738916491
605834308738916492
605834308738916493
605834308738916494
605834308738916495
605834308738916496
605834308738916497
605834308738916498
605834308738916499
605834308738916500
605834308738916501
605834308738916502
605834308738916503
605834308738916504
605834308738916505
605834308738916506
605834308738916507
605834308738916508
605834308738916509
605834308738916510
605834308738916511
605834308738916512
605834308738916513
605834308738916514
605834308738916515
605834308738916516
605834308738916517
605834308738916518
605834308738916519
605834308738916520
605834308738916521
605834308738916522
605834308738916523
605834308738916524
605834308738916525
605834308738916526
605834308738916527
605834308738916528
605834308738916529
605834308738916530
605834308738916531
605834308738916532
605834308738916533
605834308738916534
605834308738916535
605834308738916536
605834308738916537
605834308738916538
605834308738916539
605834308738916540
605834308738916541
605834308738916542
605834308738916543
605834308738916544
605834308738916545
605834308738916546
605834308738916547
605834308738916548
605834308738916549
605834308738916550
605834308738916551
605834308738916552
605834308738916553
605834308738916554
605834308738916555
605834308738916556
605834308738916557
605834308738916558
605834308738916559
605834308738916560
