605810646677758447
605810646677758448
605810646677758449
605810646677758450
605810646677758451
605810646677758452
605810646677758453
605810646677758454
605810646677758455
605810646677758456
605810646677758457
605810646677758458
605810646677758459
605810646677758460
605810646677758461
605810646677758462
605810646677758463
605810646677758464
605810646677758465
605810646677758466
605810646677758467
605810646677758468
605810646677758469
605810646677758470
605810646677758471
605810646677758472
605810646677758473
605810646677758474
605810646677758475
605810646677758476
605810646677758477
605810646677758478
605810646677758479
605810646677758480
605810646677758481
