605821947516854900
605821947516854901
605821947516854902
605821947516854903
605821947516854904
605821947516854905
605821947516854906
605821947516854907
605821947516854908
605821947516854909
605821947516854910
605821947516854911
605821947516854912
605821947516854913
605821947516854914
605821947516854915
605821947516854916
605821947516854917
605821947516854918
605821947516854919
605821947516854935
605821947516854938
605821947516854939
605821947516854940
605821947516854941
605821947516854942
605821947516854943
605821947516854944
605821947516854945
605821947516854946
605821947516854947
605821947516854948
605821947516854949
605821947516854950
605821947516854951
605821947516854952
605821947516854953
605821947516854954
605821947516854955
605821947516854956
605821947516854957
605821947516854958
605821947516854959
605821947516854960
605821947516854961
605821947516854962
605821947516854963
605821947516854964
605821947516854965
605821947516854966
605821947516854967
605821947516854968
605821947516854969
605821947516854975
