605834308738917006
605834308738917007
605834308738917008
605834308738917009
605834308738917010
605834308738917011
605834308738917012
605834308738917013
605834308738917014
605834308738917015
605834308738917016
605834308738917017
605834308738917018
605834308738917019
605834308738917020
605834308738917021
605834308738917022
605834308738917023
605834308738917024
605834308738917025
605834308738917033
605834308738917039
605834308738917041
605834308738917042
605834308738917043
605834308738917044
605834308738917045
605834308738917046
605834308738917047
605834308738917048
605834308738917049
605834308738917050
605834308738917051
605834308738917052
605834308738917053
605834308738917054
605834308738917055
605834308738917056
605834308738917057
605834308738917058
605834308738917059
605834308738917060
