605831812702887937
605831812702887998
605831812702887999
605831812702888000
605831812702888001
605831812702888002
605831812702888003
605831812702888004
605831812702888005
605831812702888006
605831812702888007
605831812702888008
605831812702888009
605831812702888010
605831812702888011
605831812702888012
605831812702888013
605831812702888014
605831812702888015
605831812702888016
605831812702888017
605831812702888018
605831812702888019
605831812702888020
605831812702888021
605831812702888022
605831812702888023
