605819126078550072
605819126078550073
605819126078550074
605819126078550092
605819126078550093
605819126078550094
605819126078550095
605819126078550096
605819126078550097
605819126078550098
605819126078550099
605819126078550100
605819126078550101
605819126078550102
605819126078550103
605819126078550104
605819126078550105
605819126078550106
605819126078550107
605819126078550108
605819126078550109
605821947516854272
605821947516854273
605821947516854274
605821947516854275
605821947516854276
605821947516854277
605821947516854278
605821947516854279
605821947516854280
605821947516854281
605821947516854282
605821947516854283
605821947516854284
605821947516854285
605821947516854286
605821947516854287
605821947516854288
605821947516854289
605821947516854290
605821947516854291
605821947516854292
605821947516854293
605821947516854294
605821947516854295
605821947516854296
605821947516854297
605821947516854298
605821947516854299
