605805881192132756
605805881192132757
605805881192132758
605805881192132759
605805881192132760
605805881192132761
605805881192132762
605805881192132763
605805881192132764
605805881192132765
605805881192132766
605805881192132767
605805881192132768
605805881192132769
605805881192132770
605805881192132771
605805881192132772
605805881192132773
605805881192132774
605805881192132775
605805881192132776
605805881192132777
605805881192132778
605805881192132779
605805881192132780
605805881192132781
605805881192132782
605805881192132783
605805881192132784
605805881192132785
605810646673563693
605810646673563694
605810646673563695
