605828387627377082
605828387627377083
605828387627377084
605828387627377085
605828387627377086
605828387627377087
605828387627377202
605828387627377203
605828387627377204
605828387627377205
605828387627377206
605828387627377207
605828387627377208
605828387627377209
605828387627377210
605828387627377211
605828387627377212
605828387627377213
605828387627377214
605828387627377215
605828387627377216
605828387627377217
605828387627377218
605828387627377219
605828387627377220
605828387627377221
605828387627377222
605828387627377223
605828387627377224
605828387627377225
605828387627377226
605828387627377227
605828387627377228
605828387627377229
605828387627377230
605828387627377231
605828387627377232
605828387627377233
605828387627377234
605828387627377235
605828387627377236
605828387627377237
605828387627377238
605828387627377239
605828387627377240
605828387627377241
605828387627377242
605828387627377243
605828387627377244
605828387627377245
605828387627377246
605828387627377247
605828387627377248
605828387627377249
605828387627377250
605828387627377251
605828387627377252
605828387627377253
605828387627377254
605828387627377255
605828387627377256
605828387627377257
605828387627377258
605828387627377259
605828387627377260
605828387627377261
605828387627377262
605828387627377263
605828387627377264
605828387627377265
605828387627377266
605828387627377267
605828387627377268
605828387627377269
605828387627377270
605828387627377271
605828387627377272
605828387627377273
605828387627377274
605828387627377275
605828387627377276
605828387627377277
605828387627377278
605828387627377279
605828387627377280
605828387627377281
