605819126074355911
605819126074355912
605819126074355913
605819126074355914
605819126074355915
605819126074355916
605819126074355917
605819126074355919
605819126074355920
605819126074355921
605819126074355922
605819126074355923
605819126074355924
605819126074355925
605819126074355926
605819126074355927
605819126074355928
605819126074355929
605819126074355930
605819126074355931
605819126074355932
605819126074355933
605819126074355934
605819126074355935
605819126074355936
605819126074355937
605819126074355943
605819126074355944
605819126074355945
605819126074355946
605819126074355952
605819126074355958
605819126074355959
605819126074355964
605819126074355965
605819126074355966
605819126074355967
605819126074355968
605819126074355975
