605828387627377282
605828387627377283
605828387627377284
605828387627377285
605828387627377286
605828387627377287
605828387627377318
605828387627377319
605828387627377320
605828387627377321
605828387627377322
605828387627377323
605828387627377324
605828387627377325
605828387627377326
605828387627377327
605828387627377328
605828387627377329
605828387627377330
605828387627377331
605828387627377332
605828387627377333
605828387627377334
605828387627377335
605828387627377336
605828387627377337
605828387627377338
605828387627377339
605828387627377340
605828387627377341
605828387627377342
605828387627377343
605828387627377344
605828387627377345
605828387627377346
605828387627377347
605828387627377348
605828387627377349
605828387627377350
605828387627377351
605828387627377352
605828387627377353
605828387627377354
605828387627377355
605828387627377356
605828387627377357
605828387627377358
605828387627377359
605828387627377360
605828387627377361
605828387627377362
605828387627377363
605828387627377364
605828387627377365
605828387627377366
605828387627377367
605828387627377368
605828387627377369
605828387627377370
605828387627377371
605828387627377372
605828387627377373
605828387627377374
605828387627377375
605828387627377376
605828387627377377
605828387627377378
605828387627377379
605828387627377380
605828387627377381
605828387627377382
605828387627377399
605828387627377400
605828387627377401
605828387627377402
605828387627377403
605828387627377404
605828387627377405
605828387627377406
605828387627377407
605828387627377408
605828387627377409
605828387627377410
605828387627377411
605828387627377412
605828387627377413
605828387627377414
605828387627377415
605828387627377416
605828387627377417
605828387627377418
605828387627377419
605828387627377420
605828387627377421
605828387627377422
605828387627377423
605828387627377424
605828387627377425
605828387627377426
605828387627377427
605828387627377428
605828387627377429
605828387627377430
605828387627377431
605828387627377432
605828387627377433
605828387627377434
605828387627377435
605828387627377436
605828387627377437
605828387627377438
605828387627377439
605828387627377440
605828387627377441
605828387627377442
605828387627377443
605828387627377444
605828387627377445
605828387627377446
605828387627377447
605828387627377448
605828387627377449
605828387627377450
605828387627377451
605828387627377452
605828387627377453
605828387627377454
605828387627377455
605828387627377456
605828387627377457
605828387627377458
605828387627377459
605828387627377460
605828387627377461
605828387627377462
605828387627377463
605828387627377464
605828387627377465
605828387627377466
605828387627377467
605828387627377468
605828387627377469
605828387627377470
605828387627377471
605828387627377472
605828387627377473
605828387627377474
605828387627377475
605828387627377476
605828387627377477
605828387627377478
605828387627377479
605828387627377480
605828387627377481
