605805881183744226
605805881183744227
605805881183744228
605805881183744229
605805881183744230
605805881183744231
605805881183744232
605805881183744233
605805881183744234
605805881183744235
605805881183744236
605805881183744237
605805881183744238
605805881183744239
605805881183744240
605805881183744241
605805881183744242
605805881183744243
605805881183744244
605805881183744245
605805881183744246
605805881183744247
605805881183744248
605805881183744273
605805881183744282
605805881183744284
605805881183744285
605805881183744286
605805881183744287
605805881183744288
605805881183744289
605805881183744290
605805881183744291
605805881183744292
605805881183744293
605805881183744294
605805881183744295
605805881183744296
605805881183744297
605805881183744298
605805881183744299
