606925434459824446
606925434459824460
606925434459824461
606925434459824462
606925434459824463
606925434459824482
606925434459824483
606925434459824485
606925434459824486
606925434459824487
606925434459824488
606925434459824489
606925434459824490
606925434459824491
606925434459824492
606925434459824493
606925434459824494
606925434459824495
606925434459824518
606925434459824519
606925434459824520
606925434459824521
606925434459824522
606925434459824523
606925434459824524
606925434459824525
606925434459824526
606925434459824527
606925434459824528
606925434459824529
606925434459824530
606925434459824531
606925434459824532
606925434459824533
606925434459824534
606925434459824535
606925434459824536
606925434459824537
606925434459824538
606925434459824539
606925434459824540
606925434459824541
606925434459824542
606925434459824543
606925434459824544
