606944583846895905
606947351728877580
606947351728877581
606947351728877582
606947351728877583
606947351728877584
606947351728877585
606947351728877589
606947351728877590
606947351728877606
606947351728877607
606947351728877608
606947351728877609
606947351728877610
606947351728877611
606947351728877612
606947351728877613
606947351728877614
606947351728877615
606947351728877616
606947351728877646
606947351728877650
606947351728877652
606947351728877653
606947351728877664
606947351728877665
606947351728877666
606947351728877668
606947351728877669
606947351728877670
606947351728877671
606947351728877672
606947351728877673
606947351728877674
606947351728877675
606947351728877676
