606947351728877681
606947351728877682
606947351728877683
606947351728877684
606947351728877685
606947351728877686
606947351728877687
606947351728877688
606947351728877689
606947351728877690
606947351728877691
606947351728877692
606947351728877693
606947351728877694
606947351728877695
606947351728877696
606947351728877697
606947351728877698
606947351728877699
606947351728877700
606947351728877705
606947351728877707
606947351728877709
606947351728877710
606947351728877711
606947351728877712
606947351728877713
606947351728877714
606947351728877715
606947351728877719
606947351728877721
606947351728877723
606947351728877725
606947351728877726
606947351728877727
606947351728877733
606947351728877734
606947351728877735
606947351728877737
606947351728877740
606947351728877741
606947351728877742
606947351728877743
606947351728877744
606947351728877745
606947351728877747
606947351728877749
606947351728877750
606947351728877751
606947351728877752
606947351728877753
606947351728877754
606947351728877755
606947351728877756
606947351728877757
606947351728877758
606947351728877759
606947351728877801
606947351728877802
606947351728877806
606947351728877819
606947351728877821
606947351728877822
606947351728877823
606947351728877837
606947351728877838
606947351728877839
606947351728877840
