606925434455629847
606925434455629848
606925434455629849
606925434455629850
606925434455629851
606925434455629852
606925434455629853
606925434455629854
606925434455629855
606925434455629856
606925434455629857
606925434455629858
606925434455629859
606925434455629860
606925434455629861
606925434455629862
606925434455629863
606925434455629864
606925434455629865
606925434455629866
606925434455629867
606925434455629868
606925434455629869
606925434455629870
606925434455629871
606925434455629872
606925434455629873
606925434455629874
606925434455629875
606925434455629876
606925434455629877
606925434455629878
606925434455629879
606925434455629880
606925434455629881
606925434455629882
606925434455629883
606925434455629884
606925434455629885
606925434455629886
606925434455629887
606925434455629888
606925434455629889
606925434455629890
606925434455629891
606925434455629892
606925434455629893
606925434455629894
606925434455629895
606925434455629896
606925434455629897
606925434455629898
606925434455629899
606925434455629900
606925434455629901
606925434455629902
606925434455629903
