606925434459824246
606925434459824247
606925434459824248
606925434459824249
606925434459824250
606925434459824251
606925434459824252
606925434459824253
606925434459824254
606925434459824255
606925434459824256
606925434459824257
606925434459824258
606925434459824259
606925434459824260
606925434459824261
606925434459824262
606925434459824263
606925434459824264
606925434459824265
606925434459824266
606925434459824267
606925434459824268
606925434459824269
606925434459824270
606925434459824271
606925434459824272
606925434459824273
606925434459824274
606925434459824275
606925434459824276
606925434459824277
606925434459824278
606925434459824279
606925434459824280
606925434459824281
606925434459824282
606925434459824283
606925434459824284
606925434459824285
606925434459824286
606925434459824287
606925434459824288
606925434459824289
606925434459824290
606925434459824291
606925434459824292
606925434459824293
606925434459824294
606925434459824295
606925434459824296
606925434459824297
606925434459824298
606925434459824299
606925434459824300
606925434459824301
606925434459824302
606925434459824303
606925434459824304
606925434459824305
606925434459824306
606925434459824307
606925434459824308
606925434459824309
606925434459824310
606925434459824311
606925434459824312
606925434459824313
606925434459824314
606925434459824315
606925434459824316
606925434459824317

