606934409200836685
606934409200836686
606934409200836687
606934409200836688
606934409200836689
606934409200836690
606934409200836691
606934409200836692
606934409200836693
606934409200836694
606934409200836695
606934409200836696
606934409200836697
606934409200836698
606934409200836699
606934409200836700
606934409200836701
606934409200836702
606934409200836703
606934409200836704
606934409200836705
606934409200836706
606934409200836707
606934409200836708
606934409200836709
606934409200836710
606934409200836711
606934409200836712
606934409200836713
606934409200836714
606934409200836715
606934409200836716
606934409200836717
606934409200836718
606934409200836719
606934409200836720
606934409200836721
606934409200836722
606934409200836723
606934409200836724
606934409200836725
606934409200836726
606934409200836727
606934409200836728
606934409200836729
606934409200836730
606934409200836731
606934409200836732
606934409200836733
606934409200836734
606934409200836735
606934409200836736
606934409200836737
606934409200836738
606934409200836739
606934409200836740
606934409200836741
606934409200836742
606934409200836743
606934409200836744
606934409200836745
606934409200836746
606934409200836747
606934409200836748
606934409200836749
606934409200836750
