606934409200836783
606934409200836784
606934409200836785
606934409200836786
606934409200836787
606934409200836788
606934409200836789
606934409200836790
606934409200836791
606934409200836792
606934409200836793
606934409200836794
606934409200836795
606934409200836796
606934409200836797
606934409200836798
606934409200836799
606934409200836800
606934409200836801
606934409200836802
606934409200836803
606934409200836804
606934409200836805
606934409200836806
606934409200836807
606934409200836808
606934409200836809
