606919069427343396
606919069427343397
606919069427343398
606919069427343399
606919069427343400
606919069427343401
606919069427343402
606919069427343403
606919069427343404
606919069427343405
606919069427343406
606919069427343407
606919069427343408
606919069427343409
606919069427343410
606919069427343411
606919069427343412
606919069427343413
606919069427343414
606919069427343415
606919069427343432
606919069427343433
606919069427343434
606919069427343435
606919069427343436
606919069427343437
606919069427343438
606919069427343439
606919069427343440
606919069427343441
606919069427343442
606919069427343443
606919069427343444
606919069427343445
606919069427343446
606919069427343447
606919069427343448
606919069427343449
606919069427343450
606919069427343451
606919069427343452
