606929975574655027
606929975574655028
606929975574655029
606929975574655030
606929975574655044
606929975574655045
606929975574655046
606929975574655047
606929975574655048
606929975574655049
606929975574655050
606929975574655051
606929975574655052
606929975574655053
606929975574655054
606929975574655055
606929975574655056
606929975574655060
606929975574655061
606929975574655062
606929975574655063
606929975574655064
606929975574655065
606929975574655066
606929975574655067
606929975574655068
606929975574655069
606929975574655070
606929975574655071
606929975574655072
