606929975578849429
606929975578849430
606929975578849431
606929975578849432
606929975578849433
606929975578849434
606929975578849435
606929975578849436
606929975578849437
606929975578849438
606929975578849439
606929975578849440
606929975578849441
606929975578849442
606929975578849443
606929975578849444
606929975578849445
606929975578849446
606929975578849447
606929975578849448
606929975578849449
606929975578849450
606929975578849451
606929975578849452
606929975578849453
606929975578849454
606929975578849455
606929975578849456
606929975578849457
606929975578849458
606929975578849459
606929975578849460
606929975578849461
606929975578849462
606929975578849463
606929975578849465
606929975578849466
606929975578849467
606929975578849468
606929975578849469
606929975578849470
606929975578849471
