606919069431537681
606919069431537682
606919069431537683
606919069431537684
606919069431537685
606919069431537686
606919069431537687
606919069431537688
606919069431537689
606919069431537690
606919069431537691
606919069431537692
606919069431537693
606919069431537694
606919069431537695
606919069431537696
606919069431537697
606919069431537698
606919069431537699
606919069431537700
606919069431537701
606919069431537702
606919069431537703
606919069431537704
606919069431537705
606919069431537706
606919069431537707
606919069431537708
606919069431537709
606919069431537710
606919069431537711
606919069431537712
606919069431537713
606919069431537714
606919069431537715
606919069431537752
606919069431537753
606919069431537754
606919069431537755
606919069431537756
606919069431537757
606919069431537758
606919069431537759
606919069431537760
606919069431537761
606919069431537762
606919069431537763
606919069431537764
606919069431537765
606919069431537766
606919069431537767
606919069431537768
606919069431537769
606919069431537770
606919069431537771
606919069431537772
606919069431537773
606919069431537774
606919069431537775
606919069431537776
606919069431537777
606919069431537778

