606929975574655077
606929975574655078
606929975574655079
606929975574655080
606929975574655081
606929975574655082
606929975574655083
606929975574655084
606929975574655085
606929975574655086
606929975574655087
606929975574655088
606929975574655089
606929975574655090
606929975574655091
606929975574655092
606929975574655093
606929975574655094
606929975574655095
606929975574655096
606929975574655097
606929975574655098
606929975574655099
606929975574655100
606929975574655101
606929975574655102
606929975574655103
606929975574655104
606929975574655105
606929975574655106
606929975574655107
606929975574655108
606929975574655109
606929975574655110
606929975574655111
606929975574655112
606929975574655113
606929975574655114
606929975574655122
606929975574655123
606929975574655124
606929975574655125
606929975574655126
606929975574655127
606929975574655128
606929975574655130
606929975574655136
606929975574655137
606929975574655138
606929975574655146
606929975574655151
606929975574655152
606929975574655157
606929975574655158
606929975574655159
606929975574655160
606929975574655161
606929975574655163
