606929975578849301
606929975578849302
606929975578849303
606929975578849304
606929975578849305
606929975578849306
606929975578849307
606929975578849308
606929975578849312
606929975578849320
606929975578849321
606929975578849355
606929975578849356
606929975578849359
606929975578849360
606929975578849361
606929975578849362
606929975578849363
606929975578849385
606929975578849386
606929975578849387
606929975578849388
606929975578849389
606929975578849390
606929975578849391
606929975578849392
606929975578849393
606929975578849394
606929975578849395
