606919069427343560
606919069427343561
606919069427343562
606919069427343563
606919069427343564
606919069427343565
606919069427343566
606919069427343567
606919069427343568
606919069427343569
606919069427343570
606919069427343571
606919069427343572
606919069427343573
606919069427343574
606919069427343575
606919069427343576
606919069427343577
606919069427343578
606919069427343579
606919069427343580
606919069427343581
606919069427343582
606919069427343583
606919069427343584
606919069427343585
606919069427343586
606919069427343587
606919069427343588
606919069427343589
606919069427343590
606919069427343591
606919069427343592
606919069427343593
606919069427343594
606919069427343595
606919069427343596
606919069427343597
606919069427343598
606919069427343599
606919069427343600
606919069427343601
606919069427343602
606919069427343603
606919069427343604
606919069427343605
606919069427343606
606919069427343607
606919069427343608
606919069427343609
606919069427343610
606919069427343611
606919069427343612
606919069427343613
606919069427343614
