606944583838507170
606944583838507171
606944583838507172
606944583838507173
606944583838507348
606944583838507349
606944583838507350
606944583838507391
606944583842701320
606944583842701338
606944583842701440
606934409196642450
606934409196642450
606925434455629904
606925434455629906
606925434455629907
606925434455629908
606925434455629909
606925434455629910
606925434455629911
606925434455629912
606925434455629913
606925434455629914
606925434455629915
606925434455629916
606925434455629917
606925434455629918
606925434455629919
606925434455629920
606925434455629921
606925434455629922
606925434455629923
606925434455629924
606925434455629925
606925434455629926
606925434455629927
606925434455629928
606925434455629929
606925434455629930
606925434455629931
606925434455629932
606925434455629933
606925434455629935
606925434459824417
606925434459824418
606925434459824419
606925434459824420
606925434459824421
606925434459824422
606925434459824423
606925434459824424
606925434459824425
606925434459824426
606925434459824427
606925434459824428
606925434459824429
606925434459824430
606925434459824454
606925434459824455
606925434459824460
606925434459824461
