599951167146418182
599951167146418203
599951167146418207
599951167146418208
599951167146418211
599951167146418212
599951167146418213
599951167146418221
599951167146418222
599951167146418223
599951167150612482
599951167150612483
599951167150612484
599951167150612486
599951167150612488
599951167150612490
599951167150612491
599951167150612492
599951167150612493
599951167150612494
599951167150612495
599951167150612497
599951167150612498
599951167150612499
599951167150612500
599951167150612501
599951167150612502
599951167150612503
599951167150612523
599951167154806791
