599951167284830225
599951167284830226
599951167284830227
599951167284830228
599951167284830229
599951167284830230
599951167284830231
599951167284830232
599951167284830233
599951167284830234
599951167284830235
599951167284830236
599951167284830237
599951167284830238
599951167284830239
599951167284830240
599951167284830257
599951167289024512
599951167289024513
599951167289024514
599951167289024515
599951167289024516
599951167289024517
599951167289024518
599951167289024519
599951167289024520
599951167289024521
599951167289024522
599951167289024523
599951167289024524
599951167289024525
599951167289024526
