599951167314190353
599951167314190354
599951167314190355
599951167314190356
599951167314190357
599951167314190358
599951167314190359
599951167314190360
599951167314190361
599951167314190362
599951167314190363
599951167314190364
599951167314190365
599951167314190366
599951167314190367
599951167314190368
599951167314190369
599951167314190370
599951167314190371
599951167322578950
599951167322578951
599951167322578952
599951167322578953
599951167322578954
599951167322578955
599951167322578956
599951167322578957
599951167322578958
599951167322578959
599951167322578960
599951167322578961
599951167322578962
