599951167079309314
599951167079309315
599951167079309316
599951167079309317
599951167079309318
599951167083503636
599951167083503638
599951167083503640
599951167083503641
599951167083503645
599951167083503646
599951167083503647
599951167083503649
599951167083503650
599951167083503651
599951167083503654
599951167091892244
599951167091892245
599951167091892246
599951167091892247
599951167091892248
599951167091892249
599951167091892250
599951167091892251
599951167091892252
599951167091892253
599951167091892254
599951167091892255
599951167091892256
599951167091892257
599951167091892258
599951167091892259
599951167091892260
599951167091892261
599951167091892262
599951167091892264
599951167091892265
599951167091892266
599951167091892267
599951167091892268
599951167091892269
599951167091892270
599951167091892271
599951167091892243
