599951167305801746
599951167305801747
599951167305801748
599951167305801749
599951167305801750
599951167305801751
599951167305801752
599951167305801753
599951167305801754
599951167305801755
599951167305801756
599951167305801757
599951167305801758
599951167305801759
599951167305801760
599951167305801761
599951167305801762
599951167305801763
599951167305801764
599951167305801765
599951167305801766
599951167309996054
599951167309996055
599951167309996057
599951167309996058
599951167309996062
599951167309996063
599951167309996065
599951167309996068
599951167309996069
599951167309996070
599951167309996071
599951167309996072
599951167309996073
599951167309996074
599951167309996075
599951167309996076
599951167309996077
599951167309996078
599951167309996079
599951167309996080
599951167309996081
599951167314190336
599951167314190337
599951167314190338
599951167314190339
599951167314190340
599951167314190341
599951167314190342
599951167314190343
599951167314190344
599951167314190345
599951167314190346
599951167314190347
599951167314190348
599951167314190349
599951167314190350
599951167314190351
599951167314190352
