599951167041560576
599951167041560577
599951167041560578
599951167041560579
599951167041560580
599951167041560581
599951167041560582
599951167041560583
599951167041560584
599951167041560585
599951167041560586
599951167041560587
599951167041560588
599951167041560589
599951167041560590
599951167045754880
599951167045754881
599951167045754882
599951167045754883
599951167045754884
599951167045754885
599951167045754886
599951167045754887
599951167045754888
599951167045754889
599951167045754890
599951167045754891
599951167045754892
599951167045754893
599951167045754894
599951167045754895
599951167045754896
