599951167263858714
599951167263858715
599951167263858716
599951167263858717
599951167263858721
599951167263858722
599951167263858724
599951167263858728
599951167263858729
599951167263858730
599951167263858731
599951167263858732
599951167263858733
599951167263858734
599951167263858735
599951167263858736
599951167268052992
599951167268052993
599951167268052994
599951167268052995
599951167268052996
599951167268052997
599951167268052998
599951167268052999
599951167268053000
599951167268053001
599951167268053018
599951167268053019
599951167268053020
599951167268053021
599951167268053022
599951167268053023
599951167268053024
599951167268053025
599951167268053026
599951167268053027
599951167268053028
599951167268053029
599951167268053030
599951167268053031
599951167268053032
599951167268053033
599951167268053034
599951167268053035
599951167268053036
599951167268053037
599951167268053038
599951167268053039
599951167268053040
599951167268053041
599951167268053042
599951167272247296
599951167272247297
599951167272247298
599951167272247299
599951167272247300
599951167272247301
599951167272247302
599951167272247310
599951167272247311
599951167272247312
599951167272247313
