599951167301607434
599951167301607435
599951167301607436
599951167301607437
599951167301607438
599951167301607439
599951167301607440
599951167301607441
599951167301607442
599951167301607443
599951167301607444
599951167301607445
599951167301607446
599951167301607447
599951167301607448
599951167301607449
599951167301607450
599951167301607451
599951167301607452
599951167301607453
599951167301607454
599951167301607455
599951167301607456
599951167301607457
599951167301607458
599951167301607459
599951167301607460
599951167301607461
599951167301607462
599951167301607463
599951167301607464
599951167301607465
599951167301607466
599951167301607467
599951167301607468
599951167301607469
599951167301607470
599951167301607471
599951167301607472
599951167301607473
599951167305801728
599951167305801729
599951167305801730
599951167305801731
599951167305801732
599951167305801733
599951167305801734
599951167305801735
599951167305801736
599951167305801737
599951167305801738
599951167305801739
599951167305801740
599951167305801741
599951167305801742
599951167305801743
599951167305801744
599951167305801745
