599951167041560576
599951167041560577
599951167041560578
599951167041560579
599951167041560580
599951167041560581
599951167041560582
599951167041560583
599951167041560584
599951167041560585
599951167041560586
599951167041560587
599951167041560588
599951167041560589
599951167041560590
599951167045754880
599951167045754881
599951167045754882
599951167045754883
599951167045754884
599951167045754885
599951167045754886
599951167045754887
599951167045754889
599951167045754890
599951167045754891
599951167045754892
599951167045754893
599951167045754894
599951167045754895
599951167045754896
599951167079309330
599951167079309331
599951167079309332
599951167079309333
599951167079309334
599951167079309335
599951167079309336
599951167079309337
599951167079309339
599951167079309340
599951167079309341
599951167079309342
599951167079309343
599951167079309344
599951167079309345
599951167079309346
599951167083503648
599951167104475165
599951167108669473
599951167138029597
599951167138029605
599951167138029605
599951167142223876
599951167142223876
599951167146418198
599951167146418204
599951167175778348
599951167192555545
599951167192555554
599951167196749830
599951167196749856
599951167196749859
599951167205138455
599951167205138460
599951167205138460
599951167205138460
599951167205138464
599951167213527053
599951167217721353
599951167221915665
599951167221915667
599951167221915694
599951167221915694
599951167221915695
599951167221915695
599951167255470122
599951167255470122
599951167255470122
599951167272247305
599951167272247310
599951167272247310
