613177573070708736
613177573070708737
613177573070708738
613177573074903040
613177573074903041
613177573074903042
613177573074903043
613177573074903044
613177573074903045
613177573079097344
613177573079097345
613177573079097346
613177573091680261
613177573091680262
613177573091680263
613177573091680264
613177573091680265
613177573091680266
613177573091680267
613177573091680268
613177573091680269
613177573091680270
613177573095874577
613177573095874578
613177573095874579
613177573095874580
613177573104263177
613177573104263178
613177573104263179
613177573104263180
613177573104263181
613177573104263182
613177573104263183
613177573104263184
613177573104263185
613177573104263186
613177573108457497
613177573108457498
613177573112651776
613177573112651777
613177573112651778
613177573112651779
613177573112651780
613177573112651781
613177573112651782
613177573112651783
613177573112651784
613177573112651785
613177573112651786
613177573112651787
613177573112651790
613177573116846084
613177573116846085
613177573116846086
613177573116846087
613177573116846088
613177573116846089
613177573116846090
613177573116846091
613177573116846092
613177573116846093
613177573116846094
613177573116846095
613177573116846096
613177573116846097
613177573116846098
613177573116846099
613177573116846100
613177573116846101
613177573116846102
613177573116846103
613177573116846104
613177573116846105
613177573116846106
613177573121040384
613177573121040385
613177573121040386
613177573121040387
613177573121040388
613177573121040389
613177573121040390
613177573121040391
613177573121040392
613177573121040393
613177573121040394
613177573121040395
613177573121040396
613177573121040397
613177573121040398
613177573121040399
613177573121040400
613177573121040401
613177573121040402
613177573121040403
613177573121040404
613177573121040405
613177573121040406
613177573121040407
613177573121040408
613177573121040409
613177573125234688
613177573125234689
613177573125234690
613177573125234691
613177573125234692
613177573125234693
613177573125234694
613177573125234695
613177573125234696
613177573125234697
613177573125234698
613177573125234699
613177573125234700
613177573125234701
613177573129429010
613177573129429011
613177573129429012
613177573133623296
613177573133623297
613177573133623298
613177573133623299
613177573133623300
613177573133623301
613177573146206213
613177573146206214
613177573146206215
613177573146206216
613177573146206217
613177573146206218
613177573146206219
613177573146206220
613177573146206221
613177573146206222
613177573146206223
613177573146206224
613177573146206225
613177573146206226
613177573150400521
613177573150400522
613177573150400523
613177573150400524
613177573150400525
613177573150400526
613177573150400527
613177573150400528
613177573150400529
613177573150400530
613177573150400531
613177573150400532
613177573150400533
613177573150400534
613177573150400535
613177573150400536
613177573150400537
613177573154594816
613177573154594817
613177573154594818
613177573154594819
613177573154594820
613177573154594821
613177573154594822
613177573154594823
613177573154594824
613177573154594825
613177573154594826
613177573154594827
613177573154594828
613177573154594829
613177573154594830
613177573154594831
613177573154594832
613177573154594833
613177573154594834
613177573154594835
613177573154594836
613177573154594837
613177573154594838
613177573154594839
613177573154594840
613177573154594841
613177573154594842
613177573154594843
613177573154594844
613177573154594845
613177573158789120
613177573158789121
613177573158789122
613177573158789123
613177573158789124
613177573158789125
613177573158789126
613177573158789127
613177573158789128
613177573158789129
613177573158789130
613177573158789131
613177573158789132
613177573158789133
613177573158789134
613177573158789135
613177573158789136
613177573158789137
613177573158789138
613177573158789139
613177573158789140
613177573158789141
613177573158789142
613177573158789143
613177573158789144
613177573158789145
613177573158789146
613177573162983424
613177573162983425
613177573162983426
613177573162983427
613177573162983428
613177573162983429
613177573162983430
613177573162983430
613177573162983431
613177573162983432
613177573162983433
613177573162983434
613177573162983435
613177573162983436
613177573162983437
613177573162983438
613177573162983439
613177573162983440
613177573162983441
613177573162983442
613177573162983443
613177573162983444
613177573162983445
613177573162983446
613177573162983447
613177573162983448
613177573167177728
613177573167177729
613177573167177730
613177573167177731
613177573167177732
613177573167177733
613177573167177734
613177573167177735
613177573167177736
613177573167177737
613177573167177738
613177573167177739
613177573167177740
613177573167177741
613177573167177742
613177573167177743
613177573167177744
613177573167177745
613177573167177746
613177573167177747
613177573167177748
613177573167177749
613177573167177750
613177573167177751
613177573167177752
613177573167177753
613177573167177754
613177573167177755
613177573167177756
613177573167177757
613177573171372032
613177573171372033
613177573171372034
613177573171372035
613177573171372036
613177573171372037
613177573171372038
613177573171372039
613177573171372040
613177573171372041
613177573171372042
613177573171372043
613177573171372044
613177573171372045
613177573171372046
613177573171372047
613177573171372048
613177573171372049
613177573171372050
613177573171372051
613177573171372052
613177573171372053
613177573171372054
613177573171372055
613177573171372056
613177573171372057
613177573171372058
613177573171372059
613177573171372060
613177573175566337
613177573175566338
613177573183954951
613177573183954952
613177573183954953
613177573183954954
613177573183954955
613177573183954956
613177573183954957
613177573183954958
613177573183954959
613177573183954960
613177573183954961
613177573183954962
613177573183954963
613177573183954964
613177573183954965
613177573183954966
613177573183954967
613177573183954968
613177573183954969
613177573183954970
613177573183954971
613177573183954972
613177573183954973
613177573188149248
613177573188149249
613177573188149250
613177573188149251
613177573188149252
613177573188149253
613177573188149257
613177573188149258
613177573188149259
613177573188149260
613177573188149261
613177573188149262
613177573188149263
613177573188149264
613177573188149265
613177573188149266
613177573188149267
613177573188149268
613177573188149269
613177573188149270
613177573188149271
613177573188149272
613177573188149273
613177573192343552
613177573192343553
613177573192343554
613177573192343555
613177573192343555
613177573192343556
613177573192343557
613177573192343558
613177573192343559
613177573192343560
613177573192343560
613177573192343561
613177573192343562
613177573192343563
613177573192343564
613177573192343566
613177573192343567
613177573192343568
613177573192343569
613177573192343570
613177573192343571
613177573192343572
613177573192343574
613177573196537859
613177573196537861
613177573196537863
613177573196537864
613177573196537865
613177573196537866
613177573196537867
613177573196537869
613177573196537870
613177573196537871
613177573196537872
613177573196537873
613177573196537874
613177573196537875
613177573196537876
613177573196537877
613177573200732162
613177573225898003
613177573225898004
613177573225898005
613177573225898006
613177573225898007
613177573230092288
613177573230092291
613177573230092292
613177573230092293
613177573230092294
613177573230092295
613177573230092296
613177573230092297
613177573230092298
613177573230092299
613177573230092300
613177573230092301
613177573230092302
613177573230092303
613177573230092304
613177573230092305
613177573230092308
613177573234286593
613177573234286594
613177573234286595
613177573234286596
613177573234286597
613177573234286598
613177573234286599
613177573234286600
613177573234286601
613177573234286602
613177573234286603
613177573234286604
613177573234286605
613177573234286606
613177573234286607
613177573234286608
613177573234286609
613177573234286610
613177573234286611
613177573234286612
613177573234286613
613177573234286614
613177573238480896
613177573238480897
613177573238480898
613177573238480899
613177573238480900
613177573238480901
613177573238480902
613177573238480903
613177573238480904
613177573238480905
613177573238480906
613177573238480907
613177573238480908
613177573238480909
613177573238480910
613177573238480911
613177573238480912
613177573238480913
613177573238480914
613177573238480915
613177573238480916
613177573238480917
613177573238480918
613177573238480919
613177573238480920
613177573238480921
613177573242675200
613177573242675201
613177573242675202
613177573242675203
613177573242675204
613177573242675205
613177573242675206
613177573242675207
613177573242675208
613177573242675209
613177573242675210
613177573242675211
613177573242675212
613177573242675213
613177573242675214
613177573242675215
613177573242675216
613177573242675217
613177573242675218
613177573242675219
613177573251063808
613177573251063809
613177573251063810
613177573251063811
613177573251063812
613177573251063813
613177573251063814
613177573251063815
613177573251063816
613177573251063817
613177573251063818
613177573251063819
613177573251063840
613177573251063842
613177573251063843
613177573251063844
613177573251063848
613177573251063849
613177573251063850
613177573251063851
613177573251063852
613177573251063853
613177573255258137
613177573255258138
613177573255258139
613177573255258140
613177573255258141
613177573255258142
613177573255258143
613177573255258144
613177573255258146
613177573255258169
613177573255258170
613177573255258171
613177573255258172
613177573255258173
613177573255258174
613177573255258175
613177573255258176
613177573255258177
613177573255258178
613177573259452422
613177573259452423
613177573259452424
613177573259452425
613177573259452426
613177573259452427
613177573259452428
613177573259452429
613177573259452430
613177573259452431
613177573259452432
613177573259452433
613177573259452434
613177573259452435
613177573259452436
613177573259452437
613177573259452438
613177573259452439
613177573259452440
613177573259452441
613177573259452442
613177573259452443
613177573259452444
613177573259452445
613177573259452446
613177573259452447
613177573259452448
613177573259452449
613177573259452450
613177573259452451
613177573259452452
613177573259452453
613177573259452455
613177573259452457
613177573259452486
613177573259452487
613177573259452488
613177573259452489
613177573259452490
613177573259452491
613177573259452492
613177573259452493
613177573259452494
613177573259452496
613177573259452497
613177573259452498
613177573263646737
613177573263646738
613177573263646739
613177573263646740
613177573263646741
613177573263646742
613177573263646743
613177573263646744
613177573263646745
613177573263646746
613177573263646747
613177573263646748
613177573263646749
613177573263646750
613177573263646751
613177573263646752
613177573263646753
613177573263646754
613177573263646755
613177573263646756
613177573263646757
613177573263646758
613177573263646759
613177573263646760
613177573263646761
613177573263646762
613177573263646763
613177573263646764
613177573263646765
613177573263646766
613177573263646767
613177573263646800
613177573267841024
613177573267841025
613177573267841026
613177573267841027
613177573267841028
613177573267841029
613177573267841030
613177573267841031
613177573267841032
613177573267841033
613177573267841034
613177573267841035
613177573267841036
613177573267841037
613177573267841038
613177573267841054
613177573267841055
613177573267841056
613177573267841057
613177573267841058
613177573267841059
613177573267841060
613177573267841061
613177573267841062
613177573267841063
613177573267841064
613177573267841065
613177573267841066
613177573267841067
613177573267841068
613177573267841069
613177573267841070
613177573267841071
613177573267841072
613177573267841074
613177573267841075
613177573267841076
613177573267841077
613177573267841078
613177573267841079
613177573267841080
613177573267841081
613177573267841082
613177573267841083
613177573267841084
613177573267841085
613177573267841086
613177573267841087
613177573267841106
613177573272035328
613177573272035329
613177573272035330
613177573272035331
613177573272035332
613177573272035333
613177573272035358
613177573272035359
613177573272035360
613177573272035361
613177573272035362
613177573272035363
613177573272035364
613177573272035365
613177573272035366
613177573272035367
613177573272035368
613177573272035369
613177573272035389
613177573272035390
613177573272035391
613177573272035392
613177573272035393
613177573272035394
613177573272035395
613177573272035396
613177573272035397
613177573272035399
613177573276229641
613177573276229642
613177573276229643
613177573276229644
613177573276229645
613177573276229646
613177573276229647
613177573276229648
613177573276229649
613177573276229650
613177573276229651
613177573276229652
613177573276229653
613177573276229654
613177573276229655
613177573276229656
613177573276229657
613177573276229658
613177573276229659
613177573276229660
613177573276229661
613177573276229662
613177573276229663
613177573276229664
613177573276229665
613177573276229666
613177573276229667
613177573276229668
613177573276229669
613177573276229670
613177573276229671
613177573276229672
613177573276229673
613177573276229674
613177573276229675
613177573276229676
613177573276229677
613177573276229678
613177573276229679
613177573276229680
613177573276229681
613177573276229682
613177573276229683
613177573276229684
613177573276229686
613177573276229691
613177573276229700
613177573276229701
613177573276229702
613177573280423954
613177573280423955
613177573280423956
613177573280423957
613177573280423958
613177573280423959
613177573280423960
613177573280423961
613177573280423962
613177573280423963
613177573280423964
613177573280423965
613177573280423966
613177573280423967
613177573280423968
613177573280423969
613177573280423970
613177573280423971
613177573280423972
613177573280423973
613177573280423974
613177573280423975
613177573280423976
613177573280423982
613177573280423983
613177573280423984
613177573284618254
613177573284618255
613177573284618256
613177573284618257
613177573284618258
613177573284618259
613177573284618260
613177573284618261
613177573284618262
613177573284618263
613177573284618264
613177573284618265
613177573284618266
613177573284618267
613177573284618268
613177573284618269
613177573284618270
613177573284618271
613177573284618272
613177573284618273
613177573284618274
613177573284618275
613177573284618276
613177573284618277
613177573284618278
613177573284618279
613177573284618280
613177573284618281
613177573284618282
613177573284618283
613177573284618284
613177573284618285
613177573284618320
613177573288812544
613177573288812545
613177573288812546
613177573288812547
613177573288812548
613177573288812549
613177573288812550
613177573288812551
613177573288812552
613177573288812553
613177573288812554
613177573288812555
613177573288812556
613177573288812557
613177573288812558
613177573288812559
613177573288812560
613177573288812561
613177573288812562
613177573288812563
613177573288812564
613177573288812565
613177573288812566
613177573288812567
613177573288812568
613177573288812569
613177573288812570
613177573288812571
613177573288812572
613177573288812573
613177573288812574
613177573288812575
613177573288812577
613177573288812578
613177573288812579
613177573288812580
613177573288812581
613177573288812582
613177573288812583
613177573288812584
613177573288812585
613177573288812586
613177573288812587
613177573288812588
613177573288812589
613177573288812590
613177573288812591
613177573288812592
613177573288812593
613177573288812594
613177573288812605
613177573288812606
613177573288812607
613177573288812608
613177573288812609
613177573288812610
613177573288812611
613177573288812612
613177573288812613
613177573288812614
613177573288812615
613177573288812616
613177573288812617
613177573288812618
613177573288812619
613177573288812620
613177573288812621
613177573288812622
613177573288812623
613177573288812624
613177573288812625
613177573288812626
613177573293006848
613177573293006849
613177573293006850
613177573293006851
613177573293006852
613177573293006853
613177573293006854
613177573293006855
613177573293006856
613177573293006857
613177573293006858
613177573293006859
613177573293006860
613177573293006861
613177573293006862
613177573293006863
613177573293006864
613177573293006865
613177573293006866
613177573293006867
613177573293006868
613177573293006869
613177573293006870
613177573293006871
613177573293006872
613177573293006873
613177573293006874
613177573293006875
613177573293006876
613177573293006877
613177573293006878
613177573293006879
613177573293006880
613177573293006881
613177573293006882
613177573293006883
613177573293006884
613177573293006885
613177573293006886
613177573293006887
613177573293006888
613177573293006889
613177573293006890
613177573293006891
613177573293006892
613177573293006893
613177573293006894
613177573293006895
613177573293006896
613177573293006897
613177573293006898
613177573293006899
613177573293006900
613177573293006901
613177573293006902
613177573293006903
613177573293006904
613177573293006905
613177573293006907
613177573293006908
613177573293006909
613177573293006910
613177573293006911
613177573293006912
613177573293006913
613177573293006914
613177573293006915
613177573293006916
613177573293006917
613177573293006918
613177573293006921
613177573293006922
613177573293006923
613177573293006924
613177573293006925
613177573293006926
613177573293006927
613177573293006928
613177573293006929
613177573297201152
613177573297201153
613177573297201154
613177573297201155
613177573297201156
613177573297201157
613177573297201158
613177573297201159
613177573297201160
613177573297201161
613177573297201162
613177573297201163
613177573297201164
613177573297201165
613177573297201166
613177573297201167
613177573297201168
613177573297201169
613177573297201170
613177573297201171
613177573297201172
613177573297201173
613177573297201174
613177573297201175
613177573297201176
613177573297201177
613177573297201178
613177573297201179
613177573297201181
613177573297201182
613177573297201183
613177573297201184
613177573297201185
613177573297201186
613177573297201187
613177573297201188
613177573301395513
613177573301395514
613177573301395515
613177573301395516
613177573301395517
613177573301395518
613177573301395519
613177573301395520
613177573301395521
613177573301395522
613177573301395523
613177573301395524
613177573301395525
613177573301395526
613177573301395527
613177573301395528
613177573301395529
613177573301395530
613177573301395531
613177573301395532
613177573301395533
613177573305589760
613177573305589761
613177573305589762
613177573305589764
613177573305589765
613177573305589766
613177573305589767
613177573305589768
613177573305589769
613177573305589770
613177573305589771
613177573305589772
613177573305589773
613177573305589774
613177573305589775
613177573305589776
613177573305589777
613177573305589778
613177573305589779
613177573305589780
613177573305589781
613177573305589782
613177573305589783
613177573305589784
613177573305589785
613177573305589786
613177573305589787
613177573305589788
613177573305589789
613177573305589790
613177573305589791
613177573305589792
613177573305589793
613177573305589794
613177573305589795
613177573305589796
613177573305589803
613177573305589804
613177573305589805
613177573305589808
613177573309784066
613177573309784067
613177573309784068
613177573309784069
613177573309784070
613177573309784083
613177573309784084
613177573309784085
613177573309784086
613177573309784087
613177573309784088
613177573309784089
613177573309784090
613177573309784091
613177573309784092
613177573309784093
613177573309784094
613177573309784095
613177573309784096
613177573309784100
613177573309784101
613177573309784102
613177573309784103
613177573309784104
613177573309784105
613177573309784106
613177573309784107
613177573309784108
613177573309784109
613177573309784110
613177573309784111
613177573309784112
613177573309784113
613177573309784114
613177573309784115
613177573309784116
613177573309784117
613177573309784118
613177573309784119
613177573309784120
613177573309784121
613177573309784122
613177573309784123
613177573309784124
613177573309784125
613177573309784126
613177573309784127
613177573309784128
613177573309784129
613177573309784130
613177573309784131
613177573309784132
613177573309784133
613177573309784134
613177573309784135
613177573309784136
613177573309784137
613177573313978368
613177573313978369
613177573313978370
613177573313978371
613177573313978381
613177573313978382
613177573313978383
613177573313978384
613177573313978385
613177573313978386
613177573313978388
613177573313978389
613177573313978415
613177573313978416
613177573313978417
613177573313978418
613177573313978419
613177573313978420
613177573313978421
613177573313978422
613177573313978423
613177573313978424
613177573313978425
613177573313978426
613177573313978427
613177573313978432
613177573313978433
613177573313978434
613177573313978435
613177573313978436
613177573313978437
613177573313978438
613177573318172695
613177573318172696
613177573318172697
613177573318172698
613177573318172699
613177573318172700
613177573318172701
613177573318172702
613177573318172703
613177573318172704
613177573318172705
613177573318172706
613177573318172707
613177573318172708
613177573318172709
613177573318172711
613177573318172716
613177573318172729
613177573318172730
613177573318172731
613177573318172732
613177573318172733
613177573326561307
613177573326561308
613177573326561309
613177573326561310
613177573326561311
613177573326561312
613177573326561313
613177573326561314
613177573326561315
613177573326561316
613177573326561317
613177573326561318
613177573326561319
613177573326561320
613177573326561321
613177573326561322
613177573326561323
613177573326561324
613177573326561325
613177573326561326
613177573326561327
613177573326561328
613177573326561329
613177573326561330
613177573326561331
613177573326561332
613177573326561333
613177573326561334
613177573326561335
613177573326561336
613177573326561337
613177573326561338
613177573326561339
613177573326561340
613177573326561341
613177573326561342
613177573326561343
613177573326561344
613177573326561345
613177573326561346
613177573326561347
613177573326561348
613177573326561349
613177573326561350
613177573326561351
613177573326561352
613177573326561353
613177573326561354
613177573326561355
613177573326561356
613177573330755584
613177573330755585
613177573330755586
613177573330755587
613177573330755588
613177573330755589
613177573330755590
613177573330755591
613177573330755592
613177573330755593
613177573330755594
613177573330755595
613177573330755596
613177573330755597
613177573330755598
613177573330755599
613177573330755600
613177573330755601
613177573330755602
613177573330755603
613177573330755604
613177573330755605
613177573330755606
613177573330755607
613177573330755608
613177573330755609
613177573330755610
613177573330755611
613177573330755612
613177573330755613
613177573330755614
613177573330755615
613177573330755616
613177573330755617
613177573330755618
613177573330755619
613177573330755620
613177573330755621
613177573330755622
613177573330755623
613177573330755624
613177573330755625
613177573330755626
613177573330755627
613177573330755628
613177573330755629
613177573330755630
613177573330755631
613177573330755632
613177573330755633
613177573330755634
613177573330755635
613177573330755636
613177573330755637
613177573330755638
613177573330755639
613177573330755640
613177573330755641
613177573330755642
613177573330755643
613177573330755644
613177573330755645
613177573330755646
613177573330755647
613177573334949888
613177573334949889
613177573334949890
613177573334949891
613177573334949892
613177573334949893
613177573334949894
613177573334949895
613177573334949896
613177573334949897
613177573334949898
613177573334949899
613177573334949900
613177573334949901
613177573334949902
613177573334949903
613177573334949904
613177573334949905
613177573334949906
613177573334949907
613177573334949908
613177573334949909
613177573334949910
613177573334949911
613177573334949912
613177573334949913
613177573334949914
613177573334949915
613177573334949916
613177573334949917
613177573334949918
613177573334949919
613177573334949920
613177573334949921
613177573334949922
613177573334949923
613177573334949924
613177573334949925
613177573334949926
613177573334949927
613177573334949928
613177573334949929
613177573334949930
613177573334949931
613177573334949932
613177573334949935
613177573334949936
613177573334949937
613177573334949938
613177573334949939
613177573334949940
613177573334949941
613177573334949942
613177573334949943
613177573334949944
613177573334949945
613177573334949946
613177573334949947
613177573334949948
613177573334949949
613177573339144204
613177573339144205
613177573339144206
613177573339144207
613177573339144208
613177573339144209
613177573339144210
613177573339144211
613177573339144212
613177573339144213
613177573339144214
613177573339144215
613177573339144216
613177573339144217
613177573339144218
613177573339144219
613177573339144220
613177573343338506
613177573343338508
613177573343338552
613177573343338553
613177573343338554
613177573343338555
613177573343338556
613177573343338557
613177573347532800
613177573347532801
613177573347532802
613177573347532803
613177573347532804
613177573347532805
613177573347532806
613177573347532807
613177573347532808
613177573347532809
613177573347532810
613177573347532811
613177573347532812
613177573347532813
613177573347532814
613177573347532815
613177573347532816
613177573347532817
613177573347532818
613177573347532819
613177573347532820
613177573347532821
613177573347532822
613177573347532823
613177573347532824
613177573347532825
613177573347532826
613177573347532827
613177573347532828
613177573347532829
613177573347532830
613177573347532831
613177573347532832
613177573347532833
613177573347532834
613177573347532835
613177573347532836
613177573347532837
613177573347532838
613177573347532839
613177573347532840
613177573347532841
613177573347532842
613177573347532843
613177573347532844
613177573347532845
613177573347532846
613177573347532847
613177573347532848
613177573347532849
613177573347532850
613177573347532851
613177573347532852
613177573347532853
613177573347532854
613177573347532855
613177573347532856
613177573347532857
613177573351727108
613177573351727118
613177573351727134
613177573351727135
613177573351727136
613177573351727137
613177573351727138
613177573355921409
613177573355921410
613177573355921411
613177573355921412
613177573355921413
613177573355921414
613177573355921415
613177573355921416
613177573355921417
613177573355921418
613177573355921419
613177573355921420
613177573355921421
613177573355921422
613177573355921423
613177573355921424
613177573355921426
613177573355921427
613177573355921428
613177573355921429
613177573355921430
613177573355921432
613177573355921433
613177573355921434
613177573355921435
613177573355921436
613177573355921437
613177573355921438
613177573355921439
613177573355921440
613177573355921441
613177573355921442
613177573355921443
613177573355921444
613177573355921445
613177573355921446
613177573355921447
613177573355921448
613177573355921449
613177573355921450
613177573355921451
613177573355921452
613177573355921453
613177573355921454
613177573355921455
613177573355921456
613177573355921457
613177573355921458
613177573355921459
613177573355921460
613177573355921461
613177573355921462
613177573355921463
613177573355921464
613177573355921465
613177573355921466
613177573355921467
613177573355921468
613177573355921469
613177573355921470
613177573360115712
613177573360115713
613177573360115714
613177573360115715
613177573360115716
613177573360115717
613177573360115718
613177573360115719
613177573360115720
613177573360115721
613177573360115722
613177573360115723
613177573360115724
613177573360115725
613177573360115726
613177573360115727
613177573360115728
613177573360115729
613177573360115730
613177573360115731
613177573360115732
613177573360115733
613177573360115734
613177573360115735
613177573360115736
613177573360115737
613177573360115738
613177573360115739
613177573360115740
613177573360115741
613177573360115742
613177573360115743
613177573360115744
613177573360115745
613177573360115746
613177573360115747
613177573360115748
613177573360115749
613177573360115750
613177573360115751
613177573360115752
613177573360115753
613177573360115754
613177573360115755
613177573360115756
613177573360115757
613177573360115758
613177573360115759
613177573360115760
613177573360115761
613177573360115762
613177573360115763
613177573360115764
613177573360115765
613177573360115766
613177573360115767
613177573364310026
613177573364310027
613177573364310028
613177573364310029
613177573364310030
613177573364310031
613177573364310032
613177573364310033
613177573364310034
613177573364310035
613177573364310036
613177573364310037
613177573364310038
613177573364310039
613177573364310040
613177573364310041
613177573364310042
613177573364310043
613177573364310044
613177573364310045
613177573364310046
613177573364310047
613177573364310048
613177573364310049
613177573364310050
613177573364310051
613177573364310052
613177573364310053
613177573364310054
613177573364310055
613177573364310056
613177573364310057
613177573364310058
613177573364310059
613177573364310060
613177573364310061
613177573364310062
613177573364310063
613177573364310064
613177573364310065
613177573364310066
613177573364310074
613177573368504320
613177573368504321
613177573368504322
613177573368504323
613177573368504324
613177573368504325
613177573368504326
613177573368504327
613177573368504328
613177573368504329
613177573368504330
613177573368504331
613177573368504332
613177573368504333
613177573368504334
613177573368504335
613177573368504336
613177573368504337
613177573368504338
613177573368504339
613177573368504340
613177573368504341
613177573368504367
613177573368504368
613177573368504369
613177573368504370
613177573368504371
613177573368504372
613177573368504373
613177573368504374
613177573372698624
613177573372698625
613177573372698626
613177573372698627
613177573372698628
613177573372698629
613177573372698630
613177573372698631
613177573372698632
613177573372698633
613177573372698634
613177573372698635
613177573372698636
613177573372698637
613177573372698638
613177573372698639
613177573372698641
613177573372698642
613177573372698643
613177573372698644
613177573372698645
613177573372698646
613177573372698647
613177573372698648
613177573372698649
613177573372698650
613177573372698651
613177573372698652
613177573372698653
613177573372698654
613177573372698655
613177573372698656
613177573372698664
613177573372698665
613177573372698666
613177573372698667
613177573372698668
613177573372698669
613177573372698670
613177573372698671
613177573372698672
613177573372698673
613177573372698674
613177573372698675
613177573372698676
613177573372698677
613177573372698678
613177573372698679
613177573372698680
613177573372698681
613177573372698682
613177573372698683
613177573376892928
613177573376892929
613177573376892930
613177573376892931
613177573376892932
613177573376892933
613177573376892934
613177573376892935
613177573376892936
613177573376892937
613177573376892938
613177573376892939
613177573376892940
613177573376892941
613177573376892942
613177573376892943
613177573376892944
613177573376892945
613177573376892946
613177573376892947
613177573376892948
613177573376892949
613177573376892950
613177573376892951
613177573376892952
613177573376892953
613177573376892954
613177573376892955
613177573376892956
613177573376892957
613177573376892958
613177573376892959
613177573376892960
613177573376892961
613177573376892962
613177573376892963
613177573376892964
613177573376892965
613177573376892966
613177573376892967
613177573376892968
613177573376892969
613177573376892970
613177573376892971
613177573376892972
613177573376892973
613177573376892974
613177573376892975
613177573376892976
613177573376892977
613177573376892978
613177573376892979
613177573376892980
613177573376892981
613177573376892982
613177573376892983
613177573376892984
613177573376892985
613177573376892986
613177573376892987
613177573381087232
613177573381087233
613177573381087234
613177573381087235
613177573381087236
613177573381087237
613177573381087238
613177573381087239
613177573381087240
613177573381087250
613177573381087251
613177573381087252
613177573381087253
613177573381087254
613177573381087255
613177573381087256
613177573381087257
613177573381087258
613177573381087259
613177573381087260
613177573381087261
613177573381087262
613177573381087263
613177573381087264
613177573381087265
613177573381087266
613177573381087267
613177573381087268
613177573381087269
613177573381087270
613177573381087271
613177573381087272
613177573381087273
613177573381087274
613177573381087275
613177573381087276
613177573381087277
613177573381087278
613177573381087279
613177573381087280
613177573381087281
613177573381087282
613177573381087283
613177573381087284
613177573381087285
613177573385281537
613177573385281538
613177573385281539
613177573385281540
613177573385281541
613177573385281542
613177573385281543
613177573385281544
613177573385281545
613177573385281546
613177573385281547
613177573385281548
613177573385281549
613177573385281550
613177573385281551
613177573385281552
613177573385281553
613177573385281554
613177573385281555
613177573385281556
613177573385281557
613177573385281558
613177573385281559
613177573385281560
613177573385281561
613177573385281562
613177573385281563
613177573385281564
613177573385281565
613177573385281566
613177573385281567
613177573385281568
613177573385281569
613177573385281570
613177573385281571
613177573385281572
613177573385281573
613177573385281574
613177573385281575
613177573385281576
613177573385281577
613177573385281578
613177573385281579
613177573385281580
613177573385281581
613177573385281582
613177573385281583
613177573385281584
613177573385281585
613177573385281586
613177573385281587
613177573385281588
613177573385281589
613177573385281590
613177573385281591
613177573385281592
613177573389475847
613177573389475848
613177573389475849
613177573389475850
613177573389475851
613177573389475852
613177573389475853
613177573389475853
613177573389475854
613177573389475855
613177573389475856
613177573389475857
613177573389475858
613177573389475859
613177573389475860
613177573389475861
613177573389475862
613177573389475863
613177573389475864
613177573389475865
613177573389475866
613177573389475879
613177573389475880
613177573389475881
613177573389475882
613177573389475883
613177573389475884
613177573389475885
613177573389475886
613177573389475887
613177573389475888
613177573389475889
613177573389475890
613177573389475891
613177573389475892
613177573389475893
613177573389475894
613177573389475895
613177573389475896
613177573389475897
613177573389475898
613177573389475899
613177573389475900
613177573389475901
613177573393670153
613177573393670154
613177573393670155
613177573393670156
613177573393670157
613177573393670158
613177573393670159
613177573393670160
613177573393670161
613177573393670162
613177573393670163
613177573393670164
613177573393670165
613177573393670166
613177573393670167
613177573393670168
613177573393670169
613177573393670170
613177573393670171
613177573393670172
613177573393670173
613177573393670174
613177573393670175
613177573393670176
613177573393670177
613177573393670178
613177573393670179
613177573393670180
613177573393670181
613177573393670182
613177573393670183
613177573393670184
613177573393670185
613177573393670186
613177573393670187
613177573393670188
613177573393670189
613177573393670190
613177573393670191
613177573393670192
613177573393670193
613177573393670194
613177573393670195
613177573393670196
613177573393670197
613177573393670198
613177573393670199
613177573397864448
613177573397864449
613177573397864450
613177573397864451
613177573397864452
613177573397864453
613177573397864454
613177573397864455
613177573397864456
613177573397864457
613177573397864458
613177573397864459
613177573397864460
613177573397864461
613177573397864462
613177573397864463
613177573397864464
613177573397864465
613177573397864466
613177573397864467
613177573397864468
613177573402058757
613177573402058758
613177573402058759
613177573402058760
613177573402058761
613177573402058762
613177573402058763
613177573402058764
613177573402058765
613177573402058766
613177573402058767
613177573402058768
613177573402058773
613177573402058774
613177573402058775
613177573402058776
613177573402058777
613177573402058778
613177573402058779
613177573402058780
613177573402058781
613177573402058782
613177573402058783
613177573402058784
613177573402058785
613177573402058786
613177573402058787
613177573402058788
613177573402058805
613177573402058806
613177573402058807
613177573402058808
613177573402058809
613177573402058810
613177573402058811
613177573402058812
613177573406253058
613177573406253059
613177573406253060
613177573406253061
613177573406253062
613177573406253063
613177573406253064
613177573406253074
613177573406253075
613177573406253076
613177573406253077
613177573406253078
613177573406253079
613177573406253080
613177573406253081
613177573406253082
613177573406253083
613177573406253084
613177573406253085
613177573406253086
613177573406253087
613177573406253088
613177573406253089
613177573406253090
613177573406253091
613177573406253092
613177573406253093
613177573406253094
613177573406253095
613177573406253096
613177573406253097
613177573406253106
613177573406253107
613177573406253108
613177573406253109
613177573406253110
613177573406253111
613177573406253112
613177573406253113
613177573406253114
613177573406253115
613177573406253116
613177573406253117
613177573406253118
613177573406253119
613177573410447360
613177573410447361
613177573410447362
613177573410447363
613177573410447364
613177573410447365
613177573410447366
613177573410447367
613177573410447368
613177573410447369
613177573410447370
613177573410447378
613177573410447379
613177573410447380
613177573410447381
613177573410447382
613177573410447383
613177573410447384
613177573410447385
613177573410447386
613177573410447387
613177573410447388
613177573410447389
613177573410447390
613177573410447391
613177573410447392
613177573410447393
613177573410447394
613177573410447395
613177573410447396
613177573410447397
613177573410447398
613177573410447399
613177573410447400
613177573410447401
613177573410447402
613177573410447403
613177573410447404
613177573410447405
613177573410447406
613177573410447407
613177573410447408
613177573410447409
613177573410447410
613177573410447411
613177573410447412
613177573410447413
613177573410447414
613177573410447415
613177573410447416
613177573410447417
613177573410447418
613177573410447419
613177573410447420
613177573410447421
613177573410447422
613177573414641666
613177573414641667
613177573414641668
613177573414641669
613177573414641670
613177573414641671
613177573414641672
613177573414641673
613177573414641674
613177573414641675
613177573414641676
613177573414641677
613177573414641678
613177573414641679
613177573414641680
613177573414641681
613177573414641682
613177573414641683
613177573414641684
613177573414641685
613177573414641686
613177573414641687
613177573414641688
613177573414641689
613177573414641690
613177573414641691
613177573414641692
613177573414641693
613177573414641694
613177573414641695
613177573414641700
613177573414641701
613177573414641702
613177573414641703
613177573414641704
613177573414641705
613177573414641706
613177573414641707
613177573414641708
613177573414641709
613177573414641710
613177573414641711
613177573414641712
613177573414641713
613177573414641714
613177573414641715
613177573414641716
613177573414641717
613177573414641718
613177573414641719
613177573414641720
613177573414641721
613177573414641722
613177573414641723
613177573414641724
613177573414641725
613177573414641726
613177573414641727
613177573418835970
613177573418835971
613177573418835972
613177573418835973
613177573418835974
613177573418835975
613177573418835976
613177573418835977
613177573418835978
613177573418835979
613177573418835980
613177573418836002
613177573418836003
613177573418836004
613177573418836005
613177573418836007
613177573418836018
613177573418836019
613177573418836020
613177573418836021
613177573418836022
613177573418836023
613177573418836024
613177573418836025
613177573418836026
613177573423030272
613177573423030273
613177573423030274
613177573423030295
613177573423030296
613177573423030297
613177573423030298
613177573423030299
613177573423030300
613177573423030301
613177573423030302
613177573423030303
613177573423030304
613177573423030305
613177573423030306
613177573423030307
613177573423030308
613177573423030309
613177573423030310
613177573423030311
613177573423030312
613177573423030313
613177573423030314
613177573423030315
613177573423030319
613177573423030320
613177573423030321
613177573423030322
613177573423030327
613177573423030328
613177573423030329
613177573423030330
613177573423030331
613177573423030332
613177573423030333
613177573423030334
613177573423030335
613177573423030336
613177573427224576
613177573427224577
613177573427224578
613177573427224579
613177573427224580
613177573427224581
613177573427224582
613177573427224583
613177573427224584
613177573427224585
613177573427224586
613177573427224587
613177573427224588
613177573427224589
613177573427224590
613177573427224591
613177573427224592
613177573427224593
613177573427224594
613177573427224595
613177573427224596
613177573427224597
613177573427224598
613177573427224599
613177573427224600
613177573427224601
613177573427224602
613177573427224603
613177573427224604
613177573427224605
613177573427224606
613177573427224608
613177573427224609
613177573427224610
613177573427224613
613177573427224614
613177573427224615
613177573427224616
613177573427224617
613177573427224618
613177573427224619
613177573427224620
613177573427224621
613177573427224622
613177573427224623
613177573427224630
613177573427224631
613177573427224632
613177573427224633
613177573427224634
613177573427224635
613177573427224636
613177573427224637
613177573427224638
613177573427224639
613177573427224640
613177573427224641
613177573427224642
613177573431418880
613177573431418881
613177573431418882
613177573431418883
613177573431418884
613177573431418885
613177573431418886
613177573431418887
613177573431418888
613177573431418889
613177573431418890
613177573431418891
613177573431418892
613177573431418893
613177573431418894
613177573431418895
613177573431418896
613177573431418897
613177573431418898
613177573431418899
613177573431418900
613177573431418901
613177573431418902
613177573431418903
613177573431418904
613177573431418905
613177573431418906
613177573431418907
613177573431418908
613177573431418909
613177573431418910
613177573431418911
613177573431418912
613177573431418913
613177573431418914
613177573431418916
613177573431418931
613177573431418932
613177573431418933
613177573431418934
613177573431418935
613177573431418936
613177573431418937
613177573431418938
613177573431418939
613177573435613184
613177573435613185
613177573435613186
613177573435613187
613177573435613188
613177573435613189
613177573435613190
613177573435613191
613177573435613192
613177573435613193
613177573435613194
613177573435613195
613177573435613196
613177573435613197
613177573435613198
613177573435613199
613177573435613200
613177573435613201
613177573435613202
613177573435613203
613177573435613204
613177573435613205
613177573435613206
613177573435613207
613177573435613208
613177573435613209
613177573435613210
613177573435613211
613177573435613212
613177573435613213
613177573435613214
613177573435613215
613177573435613216
613177573435613217
613177573435613218
613177573435613219
613177573435613220
613177573435613221
613177573435613222
613177573435613223
613177573435613224
613177573435613225
613177573435613226
613177573435613227
613177573435613228
613177573435613229
613177573435613230
613177573435613231
613177573435613232
613177573435613233
613177573435613234
613177573435613235
613177573435613236
613177573435613237
613177573435613239
613177573435613240
613177573435613241
613177573435613242
613177573435613243
613177573435613244
613177573435613245
613177573435613246
613177573435613247
613177573439807488
613177573439807489
613177573439807495
613177573439807496
613177573439807497
613177573439807498
613177573439807499
613177573439807500
613177573439807501
613177573439807502
613177573439807503
613177573439807504
613177573439807507
613177573439807508
613177573439807509
613177573439807510
613177573439807511
613177573439807512
613177573439807513
613177573439807514
613177573439807515
613177573439807516
613177573439807517
613177573439807518
613177573439807519
613177573439807520
613177573439807521
613177573439807522
613177573439807523
613177573439807524
613177573439807525
613177573439807526
613177573439807527
613177573439807528
613177573439807529
613177573439807530
613177573439807531
613177573439807532
613177573439807533
613177573439807534
613177573439807535
613177573439807536
613177573439807537
613177573444001797
613177573444001798
613177573444001799
613177573444001800
613177573444001801
613177573444001802
613177573444001803
613177573444001804
613177573444001805
613177573444001806
613177573444001807
613177573444001808
613177573444001809
613177573444001810
613177573444001811
613177573444001812
613177573444001813
613177573444001814
613177573444001815
613177573444001816
613177573444001817
613177573444001818
613177573444001819
613177573444001820
613177573444001821
613177573444001822
613177573444001823
613177573444001824
613177573444001825
613177573444001826
613177573444001827
613177573444001828
613177573444001829
613177573444001830
613177573444001831
613177573444001832
613177573444001833
613177573444001834
613177573444001835
613177573444001836
613177573444001837
613177573444001838
613177573444001839
613177573444001840
613177573444001841
613177573444001842
613177573444001843
613177573444001844
613177573444001845
613177573444001846
613177573444001847
613177573444001848
613177573444001849
613177573444001850
613177573444001851
613177573448196116
613177573448196117
613177573448196118
613177573448196119
613177573448196120
613177573448196121
613177573448196122
613177573448196123
613177573448196124
613177573448196125
613177573448196148
613177573448196149
613177573448196154
613177573448196155
613177573452390401
613177573452390405
613177573452390422
613177573452390423
613177573452390424
613177573452390425
613177573452390426
613177573452390427
613177573452390428
613177573452390429
613177573452390430
613177573452390431
613177573452390432
613177573452390433
613177573452390434
613177573452390435
613177573452390436
613177573452390437
613177573452390438
613177573452390439
613177573456584745
613177573456584746
613177573456584747
613177573456584748
613177573456584750
613177573460779018
613177573460779019
613177573460779020
613177573460779021
613177573460779022
613177573460779023
613177573460779024
613177573460779025
613177573460779026
613177573460779039
613177573464973322
613177573464973323
613177573464973324
613177573464973325
613177573464973326
613177573464973327
613177573464973328
613177573464973329
613177573464973330
613177573464973331
613177573464973332
613177573464973333
613177573464973334
613177573464973335
613177573464973336
613177573464973337
613177573464973338
613177573464973339
613177573464973340
613177573464973341
613177573464973342
613177573464973343
613177573464973344
613177573464973345
613177573464973346
613177573464973347
613177573464973348
613177573464973349
613177573464973350
613177573464973351
613177573464973352
613177573464973353
613177573464973354
613177573464973355
613177573464973356
613177573464973357
613177573464973358
613177573464973359
613177573464973360
613177573464973361
613177573464973362
613177573464973363
613177573464973366
613177573464973367
613177573469167621
613177573469167623
613177573469167624
613177573469167625
613177573469167626
613177573469167627
613177573469167628
613177573469167629
613177573469167630
613177573469167631
613177573469167632
613177573469167633
613177573469167634
613177573469167635
613177573469167636
613177573469167637
613177573469167638
613177573469167639
613177573469167640
613177573469167641
613177573469167642
613177573469167643
613177573469167644
613177573469167645
613177573469167646
613177573469167647
613177573469167648
613177573469167649
613177573469167650
613177573469167651
613177573469167652
613177573469167653
613177573469167654
613177573469167655
613177573469167656
613177573473361957
613177573473361958
613177573473361959
613177573473361960
613177573473361961
613177573473361962
613177573473361963
613177573473361966
613177573477556229
613177573477556230
613177573477556231
613177573477556232
613177573477556233
613177573477556234
613177573477556235
613177573477556236
613177573477556237
613177573477556238
613177573477556239
613177573477556240
613177573477556241
613177573477556243
613177573477556261
613177573477556262
613177573477556263
613177573477556264
613177573477556265
613177573477556266
613177573477556267
613177573477556268
613177573477556269
613177573477556270
613177573477556272
613177573477556273
613177573477556274
613177573477556276
613177573481750529
613177573481750530
613177573481750531
613177573481750532
613177573481750533
613177573481750534
613177573481750535
613177573481750536
613177573481750537
613177573481750538
613177573481750539
613177573481750540
613177573481750541
613177573481750542
613177573481750543
613177573481750544
613177573481750545
613177573481750546
613177573481750547
613177573481750548
613177573481750549
613177573481750550
613177573481750551
613177573481750552
613177573481750553
613177573481750554
613177573481750555
613177573481750556
613177573481750557
613177573481750558
613177573481750559
613177573481750560
613177573481750561
613177573481750562
613177573481750563
613177573481750564
613177573481750565
613177573481750566
613177573481750567
613177573481750568
613177573481750569
613177573481750570
613177573481750571
613177573481750572
613177573481750573
613177573481750574
613177573481750575
613177573481750576
613177573481750577
613177573481750578
613177573481750579
613177573481750580
613177573481750581
613177573481750582
613177573481750583
613177573481750584
613177573481750585
613177573485944843
613177573485944844
613177573485944845
613177573485944846
613177573485944847
613177573485944848
613177573485944849
613177573485944850
613177573485944853
613177573485944854
613177573485944855
613177573485944856
613177573485944857
613177573485944858
613177573485944859
613177573485944860
613177573485944861
613177573485944894
613177573485944895
613177573490139196
613177573490139197
613177573490139198
613177573490139199
613177573490139200
613177573494333440
613177573494333441
613177573494333442
613177573494333443
613177573494333450
613177573498527802
613177573498527803
613177573498527804
613177573498527805
613177573498527806
613177573498527807
613177573498527808
613177573498527809
613177573498527810
613177573498527811
613177573502722048
613177573502722049
613177573502722050
613177573502722051
613177573502722052
613177573502722053
613177573502722054
613177573502722055
613177573502722056
613177573502722057
613177573502722058
613177573502722059
613177573502722060
613177573502722061
613177573502722062
613177573502722063
613177573502722064
613177573502722065
613177573502722066
613177573502722067
613177573502722068
613177573502722069
613177573502722071
613177573502722073
613177573502722076
613177573502722079
613177573502722081
613177573502722083
613177573502722084
613177573502722088
613177573502722089
613177573502722091
613177573502722094
613177573502722095
613177573502722099
613177573502722100
613177573502722101
613177573511110710
613177573511110711
613177573511110712
613177573511110713
613177573511110714
613177573511110715
613177573511110716
613177573511110717
613177573511110718
613177573515304960
613177573515304961
613177573515304962
613177573515304963
613177573515304964
613177573515304965
613177573515304966
613177573515304967
613177573515304968
613177573515304969
613177573515304970
613177573515304971
613177573515304972
613177573515304973
613177573515304974
613177573515304975
613177573515304976
613177573515304979
613177573515304980
613177573515304982
613177573515304983
613177573515304984
613177573515304985
613177573515304986
613177573515304987
613177573515304988
613177573515304989
613177573515304990
613177573515304991
613177573515304992
613177573515304993
613177573515304994
613177573515304995
613177573515304996
613177573515304997
613177573515304998
613177573515304999
613177573515305000
613177573515305001
613177573515305002
613177573515305003
613177573515305004
613177573515305005
613177573515305006
613177573515305007
613177573515305008
613177573515305009
613177573515305010
613177573515305011
613177573515305012
613177573515305013
613177573515305014
613177573515305015
613177573515305016
613177573515305017
613177573515305018
613177573515305019
613177573515305020
613177573515305021
613177573515305022
613177573519499264
613177573519499265
613177573519499266
613177573519499267
613177573519499268
613177573519499269
613177573519499270
613177573519499271
613177573519499272
613177573519499273
613177573519499276
613177573519499277
613177573519499279
613177573519499281
613177573519499282
613177573519499284
613177573519499286
613177573519499287
613177573519499288
613177573519499289
613177573519499290
613177573519499291
613177573519499292
613177573519499293
613177573519499294
613177573519499295
613177573519499296
613177573519499297
613177573519499298
613177573519499299
613177573519499300
613177573519499301
613177573519499302
613177573519499303
613177573519499304
613177573519499305
613177573519499306
613177573519499307
613177573519499308
613177573519499309
613177573519499310
613177573519499311
613177573519499312
613177573519499313
613177573519499314
613177573519499315
613177573519499316
613177573523693568
613177573523693569
613177573527887875
613177573527887876
613177573527887877
613177573527887878
613177573532082211
613177573532082212
613177573532082213
613177573532082214
613177573532082215
613177573532082216
613177573532082217
613177573532082218
613177573532082219
613177573532082220
613177573532082221
613177573532082222
613177573532082223
613177573532082224
613177573532082225
613177573532082226
613177573532082227
613177573532082228
613177573532082229
613177573532082230
613177573532082231
613177573532082232
613177573532082233
613177573532082234
613177573532082235
613177573532082236
613177573532082237
613177573532082238
613177573532082239
613177573532082240
613177573536276480
613177573536276481
613177573536276482
613177573536276483
613177573536276484
613177573536276485
613177573536276486
613177573536276487
613177573536276488
613177573536276489
613177573536276490
613177573536276491
613177573536276492
613177573536276493
613177573536276494
613177573536276495
613177573536276496
613177573536276497
613177573536276498
613177573536276499
613177573536276500
613177573536276518
613177573536276519
613177573536276520
613177573536276521
613177573536276522
613177573536276523
613177573536276524
613177573536276525
613177573536276526
613177573536276527
613177573536276528
613177573536276529
613177573536276530
613177573536276531
613177573536276532
613177573536276533
613177573536276534
613177573536276535
613177573536276536
613177573536276537
613177573540470784
613177573540470785
613177573540470788
613177573540470789
613177573540470790
613177573540470791
613177573540470792
613177573540470793
613177573540470794
613177573540470795
613177573540470796
613177573540470797
613177573540470815
613177573540470816
613177573540470817
613177573540470818
613177573540470819
613177573540470820
613177573540470821
613177573540470822
613177573540470823
613177573540470824
613177573540470825
613177573540470849
613177573540470850
613177573540470851
613177573544665088
613177573544665089
613177573544665090
613177573544665091
613177573544665092
613177573544665093
613177573544665094
613177573544665095
613177573544665096
613177573544665097
613177573544665098
613177573544665099
613177573544665100
613177573544665101
613177573544665102
613177573544665103
613177573544665104
613177573544665105
613177573544665106
613177573544665107
613177573544665108
613177573544665109
613177573544665110
613177573544665111
613177573544665112
613177573544665119
613177573544665120
613177573544665121
613177573544665122
613177573544665123
613177573544665124
613177573544665125
613177573544665126
613177573544665127
613177573544665128
613177573544665129
613177573544665130
613177573544665131
613177573544665132
613177573544665133
613177573544665134
613177573544665135
613177573544665136
613177573544665137
613177573544665138
613177573544665139
613177573544665140
613177573544665141
613177573544665142
613177573544665143
613177573544665144
613177573544665145
613177573544665146
613177573544665147
613177573544665148
613177573544665149
613177573544665150
613177573544665151
613177573544665152
613177573544665154
613177573548859405
613177573548859406
613177573548859407
613177573548859408
613177573548859409
613177573548859410
613177573548859411
613177573548859412
613177573548859413
613177573548859415
613177573548859422
613177573548859423
613177573548859424
613177573548859425
613177573548859426
613177573548859427
613177573548859428
613177573548859429
613177573548859430
613177573548859431
613177573548859432
613177573548859433
613177573548859434
613177573548859435
613177573548859436
613177573548859437
613177573548859438
613177573548859439
613177573548859440
613177573548859441
613177573548859442
613177573548859445
613177573548859446
613177573548859447
613177573548859449
613177573548859450
613177573548859451
613177573548859452
613177573548859453
613177573548859454
613177573548859455
613177573553053696
613177573553053697
613177573553053698
613177573553053699
613177573553053700
613177573553053701
613177573553053702
613177573553053703
613177573553053704
613177573553053705
613177573553053723
613177573553053724
613177573553053725
613177573553053726
613177573553053727
613177573553053728
613177573553053729
613177573553053730
613177573553053731
613177573553053732
613177573553053733
613177573553053734
613177573553053735
613177573553053736
613177573553053737
613177573553053738
613177573553053740
613177573553053741
613177573553053742
613177573553053743
613177573553053744
613177573553053745
613177573553053746
613177573553053747
613177573553053748
613177573553053749
613177573553053750
613177573553053751
613177573553053752
613177573553053753
613177573553053754
613177573553053755
613177573553053756
613177573553053757
613177573557248000
613177573557248001
613177573557248002
613177573557248003
613177573557248004
613177573557248005
613177573557248006
613177573557248007
613177573557248008
613177573557248009
613177573557248010
613177573557248011
613177573557248012
613177573557248013
613177573557248014
613177573557248015
613177573557248016
613177573557248017
613177573557248018
613177573557248019
613177573557248020
613177573557248021
613177573557248022
613177573557248023
613177573557248024
613177573557248025
613177573557248026
613177573557248027
613177573557248028
613177573557248029
613177573557248030
613177573557248031
613177573557248032
613177573557248033
613177573557248034
613177573557248035
613177573557248036
613177573557248037
613177573557248038
613177573557248039
613177573557248040
613177573557248041
613177573557248042
613177573557248043
613177573557248044
613177573557248045
613177573557248046
613177573557248047
613177573557248048
613177573557248049
613177573557248050
613177573557248051
613177573557248052
613177573557248053
613177573557248054
613177573557248055
613177573557248056
613177573557248057
613177573557248058
613177573557248059
613177573557248060
613177573557248061
613177573557248062
613177573557248063
613177573557248064
613177573557248065
613177573561442304
613177573561442305
613177573561442306
613177573561442307
613177573561442308
613177573561442309
613177573561442310
613177573561442311
613177573561442312
613177573561442313
613177573561442314
613177573561442315
613177573561442316
613177573561442317
613177573561442318
613177573561442319
613177573561442320
613177573561442321
613177573561442322
613177573561442323
613177573561442324
613177573561442325
613177573561442326
613177573561442327
613177573561442328
613177573561442329
613177573561442330
613177573561442331
613177573561442332
613177573561442333
613177573561442334
613177573561442335
613177573561442336
613177573561442337
613177573561442338
613177573561442339
613177573561442340
613177573561442341
613177573561442342
613177573561442343
613177573565636609
613177573565636610
613177573565636611
613177573565636613
613177573565636643
613177573565636644
613177573565636645
613177573565636646
613177573565636647
613177573565636648
613177573565636649
613177573565636650
613177573565636651
613177573565636652
613177573565636653
613177573565636654
613177573565636655
613177573565636656
613177573565636657
613177573565636658
613177573565636659
613177573565636660
613177573565636661
613177573565636662
613177573565636663
613177573565636664
613177573565636665
613177573565636666
613177573565636667
613177573565636668
613177573569830914
613177573569830915
613177573569830922
613177573569830923
613177573569830924
613177573569830925
613177573569830926
613177573569830927
613177573569830928
613177573569830929
613177573569830930
613177573569830931
613177573569830932
613177573569830934
613177573569830935
613177573569830936
613177573569830937
613177573569830938
613177573569830939
613177573569830940
613177573569830941
613177573569830956
613177573569830957
613177573569830958
613177573569830959
613177573569830960
613177573569830961
613177573569830962
613177573569830963
613177573569830964
613177573569830965
613177573569830966
613177573569830967
613177573569830968
613177573569830969
613177573569830970
613177573569830971
613177573569830972
613177573574025218
613177573574025219
613177573574025232
613177573574025233
613177573574025234
613177573574025235
613177573574025236
613177573574025237
613177573574025238
613177573574025239
613177573574025240
613177573574025241
613177573574025242
613177573574025243
613177573574025244
613177573574025245
613177573574025246
613177573574025247
613177573574025248
613177573574025249
613177573574025250
613177573574025251
613177573574025252
613177573574025253
613177573574025254
613177573574025255
613177573574025256
613177573574025257
613177573574025258
613177573574025259
613177573574025260
613177573574025261
613177573574025262
613177573574025263
613177573574025264
613177573574025265
613177573574025266
613177573574025267
613177573574025268
613177573574025269
613177573574025270
613177573574025271
613177573574025272
613177573574025273
613177573574025274
613177573574025275
613177573574025276
613177573574025277
613177573574025278
613177573574025279
613177573574025280
613177573574025281
613177573578219520
613177573578219521
613177573578219522
613177573578219523
613177573578219524
613177573578219525
613177573578219526
613177573578219527
613177573578219528
613177573578219529
613177573578219530
613177573578219531
613177573578219532
613177573578219533
613177573578219534
613177573578219535
613177573578219536
613177573578219537
613177573582413858
613177573582413859
613177573582413860
613177573582413861
613177573582413862
613177573582413863
613177573582413864
613177573582413865
613177573582413866
613177573582413867
613177573582413868
613177573582413869
613177573582413870
613177573582413871
613177573582413872
613177573582413873
613177573582413874
613177573582413875
613177573582413876
613177573582413877
613177573582413888
613177573586608160
613177573586608161
613177573586608162
613177573586608163
613177573586608164
613177573586608165
613177573586608166
613177573586608167
613177573586608168
613177573586608169
613177573586608170
613177573586608171
613177573586608172
613177573586608173
613177573586608174
613177573586608175
613177573586608176
613177573586608177
613177573586608178
613177573586608179
613177573586608180
613177573586608181
613177573586608182
613177573586608183
613177573586608184
613177573586608185
613177573586608186
613177573586608187
613177573586608188
613177573586608189
613177573590802432
613177573590802434
613177573590802435
613177573590802436
613177573594996767
613177573594996768
613177573594996769
613177573594996770
613177573594996771
613177573594996772
613177573594996773
613177573594996774
613177573594996775
613177573594996776
613177573594996777
613177573594996778
