613177573309784100
613177573309784100
613177573309784100
613177573309784100
613177573309784101
613177573309784101
613177573309784101
613177573309784101
613177573309784102
613177573309784102
613177573309784102
613177573309784102
613177573309784103
613177573309784103
613177573309784103
613177573309784103
613177573309784104
613177573309784104
613177573309784104
613177573309784104
613177573309784105
613177573309784105
613177573309784105
613177573309784105
613177573309784106
613177573309784106
613177573309784106
613177573309784106
613177573309784107
613177573309784107
613177573309784107
613177573309784107
613177573309784108
613177573309784108
613177573309784108
613177573309784108
613177573309784109
613177573309784109
613177573309784109
613177573309784109
613177573309784110
613177573309784110
613177573309784110
613177573309784110
613177573309784111
613177573309784111
613177573309784111
613177573309784111
613177573309784112
613177573309784112
613177573309784112
613177573309784112
613177573309784113
613177573309784113
613177573309784113
613177573309784113
613177573309784114
613177573309784114
613177573309784114
613177573309784114
613177573309784115
613177573309784115
613177573309784115
613177573309784116
613177573309784116
613177573309784116
613177573309784116
613177573309784117
613177573309784117
613177573309784117
613177573309784117
613177573309784118
613177573309784118
613177573309784118
613177573309784118
613177573309784119
613177573309784119
613177573309784119
613177573309784119
613177573309784120
613177573309784120
613177573309784120
613177573309784120
613177573309784121
613177573309784121
613177573309784121
613177573309784121
613177573309784122
613177573309784122
613177573309784122
613177573309784122
613177573309784123
613177573309784123
613177573309784123
613177573309784123
613177573309784124
613177573309784124
613177573309784124
613177573309784124
613177573309784125
613177573309784125
613177573309784125
613177573309784125
613177573309784126
613177573309784126
613177573309784126
613177573309784127
613177573309784127
613177573309784127
613177573309784128
613177573309784128
613177573309784128
613177573309784129
613177573309784129
613177573309784130
613177573309784130
613177573309784131
613177573309784131
613177573309784131
613177573309784132
613177573309784132
613177573309784132
613177573309784133
613177573309784133
