599951167565848608
599951167565848609
599951167565848610
599951167565848611
599951167565848612
599951167565848613
599951167565848614
599951167565848615
599951167565848616
599951167565848617
599951167565848618
599951167565848619
599951167565848620
599951167565848621
599951167570042916
599951167578431522
599951167578431523
599951167578431524
599951167578431525
599951167578431526
599951167578431527
599951167578431528
599951167578431529
599951167578431530
599951167578431531
599951167578431532
599951167578431533
599951167578431534
599951167578431535
599951167578431536
599951167578431537
599951167578431538
599951167578431539
599951167578431540
599951167582625792
599951167582625793
599951167582625794
599951167582625795
599951167582625796
599951167582625797
599951167582625798
599951167582625799
599951167582625800
599951167582625801
599951167582625802
