599951167599403028
599951167599403029
599951167599403030
599951167599403033
599951167599403037
599951167599403039
599951167599403040
599951167599403042
599951167599403043
599951167599403044
599951167599403051
599951167603597316
599951167603597317
599951167603597318
599951167603597319
599951167603597324
599951167603597325
599951167603597326
599951167603597330
599951167603597331
599951167603597345
599951167607791618
599951167607791626
599951167607791627
599951167607791667
599951167611985938
599951167611985940
599951167611985951
599951167611985956
599951167616180231
599951167616180239
599951167616180241
599951167616180243
599951167616180262
599951167616180266
599951167616180268
599951167616180269
599951167620374528
599951167620374529
599951167620374550
