599951167582625828
599951167582625831
599951167586820122
599951167586820123
599951167586820138
599951167586820143
599951167586820147
599951167591014400
599951167591014403
599951167591014411
599951167591014426
599951167591014427
599951167591014428
599951167591014433
599951167591014434
599951167591014436
599951167591014437
599951167591014440
599951167591014441
599951167591014442
599951167595208717
599951167595208719
599951167595208720
599951167595208721
599951167595208723
599951167595208724
599951167595208725
599951167595208727
599951167595208728
599951167595208752
