599951167536488469
599951167536488471
599951167536488472
599951167536488474
599951167536488475
599951167536488476
599951167536488477
599951167536488479
599951167536488480
599951167536488481
599951167536488483
599951167536488484
599951167540682764
599951167540682766
599951167540682767
599951167540682769
599951167540682770
599951167540682772
599951167540682773
599951167540682774
599951167540682775
599951167540682776
599951167540682778
599951167540682781
599951167540682782
599951167540682783
599951167540682784
599951167540682786
599951167540682787
599951167540682788
599951167540682789
599951167540682790
599951167540682791
599951167540682792
599951167540682793
599951167540682794
599951167540682795
599951167540682796
599951167540682797
599951167540682798
599951167540682799
599951167544877056
