599951167440019474
599951167440019475
599951167440019476
599951167440019477
599951167440019478
599951167440019479
599951167440019480
599951167440019481
599951167440019482
599951167440019483
599951167440019484
599951167440019485
599951167440019486
599951167440019487
599951167440019488
599951167440019489
599951167440019490
599951167440019491
599951167440019492
599951167440019493
599951167440019494
599951167440019495
599951167440019496
599951167440019498
599951167440019499
599951167440019500
599951167440019502
599951167440019503
599951167440019504
