618543364149858329
618543364149858330
618543364149858331
618543364149858332
618543364149858333
618543364149858334
618543364149858337
618543364149858338
618543364149858339
618543364154052608
618543364154052609
618543364154052617
618543364158246927
618543364162441227
618543364162441231
618543364179218442
618543364179218443
618543364179218444
618543364179218445
618543364179218446
618543364179218447
618543364179218448
618543364179218449
618543364179218450
618543364179218451
618543364179218452
618543364179218453
618543364179218454
618543364179218455
618543364179218456
618543364179218457
618543364179218458
618543364179218459
618543364179218460
618543364179218461
618543364179218462
618543364179218463
618543364179218464
618543364179218466
618543364179218467
618543364179218468
618543364179218469
618543364179218470
618543364179218471
618543364183412736
618543364183412737
618543364183412738
618543364183412739
618543364183412740
618543364183412741
618543364183412742
618543364183412743
618543364183412744
618543364183412745
618543364183412746
618543364183412747
618543364183412748
618543364183412749
618543364183412750
618543364183412751
618543364183412752
618543364183412753
618543364183412754
618543364183412755
618543364183412756
618543364183412757
618543364183412758
618543364183412759
618543364183412760
618543364183412761
618543364183412762
618543364183412763
618543364183412764
618543364183412765
618543364183412766
618543364183412767
