618543364065972237
618543364065972238
618543364065972239
618543364065972240
618543364065972241
618543364065972242
618543364065972248
618543364065972251
618543364065972252
618543364065972253
618543364065972254
618543364065972255
618543364065972257
618543364074360849
618543364074360853
618543364074360854
618543364074360855
618543364074360856
618543364074360857
618543364074360858
618543364074360859
618543364074360860
618543364074360861
618543364074360862
618543364074360863
618543364074360864
618543364074360865
618543364074360866
618543364074360867
618543364074360868
618543364074360869
618543364074360870
618543364078555136
618543364078555137
618543364078555142
618543364078555143
618543364078555144
618543364078555145
618543364078555146
618543364078555147
618543364078555148
618543364078555149
618543364078555150
618543364078555151
618543364078555152
618543364078555153
618543364078555154
618543364078555155
618543364078555156
618543364078555157
618543364078555158
618543364078555159
618543364078555160
618543364078555161
618543364078555162
618543364078555163
618543364078555164
618543364078555166
618543364078555168
618543364078555170
618543364078555172
618543364078555173
