618543364120498207
618543364120498208
618543364120498209
618543364120498210
618543364120498211
618543364120498212
618543364124692483
618543364120498206
618543364120498207
618543364120498208
618543364120498209
618543364120498210
618543364120498211
618543364120498212
618543364124692515
618543364128886793
618543364128886794
618543364128886796
618543364128886797
618543364128886798
618543364128886799
618543364128886800
618543364128886801
618543364128886802
618543364128886803
618543364128886804
618543364128886805
618543364128886806
618543364128886807
618543364128886808
618543364128886809
618543364128886810
618543364128886811
618543364128886812
618543364128886813
618543364128886814
618543364128886815
618543364128886816
618543364128886817
618543364128886818
618543364128886819
618543364128886820
618543364133081088
618543364133081089
618543364133081090
618543364133081091
618543364133081092
618543364133081112
618543364133081113
618543364133081114
618543364133081115
618543364133081116
618543364133081117
618543364137275399
618543364145664018
618543364145664026
618543364145664037
618543364149858304
618543364149858305
618543364149858306
618543364149858307
618543364149858318
618543364149858319
618543364149858320
618543364149858321
618543364149858325
618543364149858326
618543364149858327
618543364149858328
