618543364053389321
618543364053389322
618543364053389323
618543364053389324
618543364053389325
618543364053389326
618543364053389327
618543364053389328
618543364057583627
618543364057583628
618543364057583636
618543364057583637
618543364057583649
618543364057583650
618543364057583651
618543364057583652
618543364061777935
618543364061777936
618543364061777938
618543364061777947
618543364061777948
618543364061777949
618543364061777950
618543364061777951
618543364061777952
618543364061777953
618543364061777954
618543364061777955
618543364061777956
618543364061777957
618543364061777958
618543364065972224
